Period number,In-sample date range,Out-of-sample date range,MA1 length,Afastamento,Out-of-sample trades,Out-of-sample net profit (%),Out-of-sample max drawdown (%),Out-of-sample win rate (%),Processing time (seconds),normalized_period
1,2020-07-28 07:00:00 to 2020-08-11 07:00:00,2020-08-12 07:00:00 to 2020-08-14 07:00:00,50,0.036,1,2.1647784115884496,3.8992063019436607,100.0,215.26230311393735,161
2,2020-07-31 07:00:00 to 2020-08-14 07:00:00,2020-08-15 07:00:00 to 2020-08-17 07:00:00,30,0.02,5,6.8062506520640635,1.6129636349099403,100.0,214.01409816741943,163
3,2020-08-03 07:00:00 to 2020-08-17 07:00:00,2020-08-18 07:00:00 to 2020-08-20 07:00:00,25,0.022,5,8.763794327083705,7.196478099570837,100.0,215.6740760803223,164
4,2020-08-06 07:00:00 to 2020-08-20 07:00:00,2020-08-21 07:00:00 to 2020-08-23 07:00:00,35,0.02,5,-3.531736790994619,12.436644076173517,40.0,224.1052417755127,165
5,2020-08-09 07:00:00 to 2020-08-23 07:00:00,2020-08-24 07:00:00 to 2020-08-26 07:00:00,25,0.02,4,4.696275930023275,2.360494531438125,100.0,228.15474319458008,167
6,2020-08-12 07:00:00 to 2020-08-26 07:00:00,2020-08-27 07:00:00 to 2020-08-29 07:00:00,25,0.02,4,4.126053837473864,2.4484222279065526,100.0,220.5742390155792,169
7,2020-08-15 07:00:00 to 2020-08-29 07:00:00,2020-08-30 07:00:00 to 2020-09-01 07:00:00,25,0.02,4,1.4130448193384657,2.391163720435943,75.0,221.21180963516235,170
8,2020-08-18 07:00:00 to 2020-09-01 07:00:00,2020-09-02 07:00:00 to 2020-09-04 07:00:00,25,0.03,4,-3.5557988734393984,12.581448171053252,50.0,220.29489302635193,171
9,2020-08-21 07:00:00 to 2020-09-04 07:00:00,2020-09-05 07:00:00 to 2020-09-07 07:00:00,20,0.024,6,-8.828533334413988,14.99401063724743,50.0,218.6485800743103,173
10,2020-08-24 07:00:00 to 2020-09-07 07:00:00,2020-09-08 07:00:00 to 2020-09-10 07:00:00,15,0.034,1,-0.3644293921529788,2.660150379748181,0.0,220.12471795082092,175
11,2020-08-27 07:00:00 to 2020-09-10 07:00:00,2020-09-11 07:00:00 to 2020-09-13 07:00:00,15,0.022,1,-2.693382840195627,5.619265401655757,0.0,217.7404670715332,176
12,2020-08-30 07:00:00 to 2020-09-13 07:00:00,2020-09-14 07:00:00 to 2020-09-16 07:00:00,25,0.074,0,0.0,0.0,0.0,221.534784078598,177
13,2020-09-02 07:00:00 to 2020-09-16 07:00:00,2020-09-17 07:00:00 to 2020-09-19 07:00:00,190,0.08,0,0.0,0.0,0.0,225.88396096229553,179
14,2020-09-05 07:00:00 to 2020-09-19 07:00:00,2020-09-20 07:00:00 to 2020-09-22 07:00:00,85,0.052,2,-0.90117573999245,8.265438642973308,50.0,221.4245958328247,181
15,2020-09-08 07:00:00 to 2020-09-22 07:00:00,2020-09-23 07:00:00 to 2020-09-25 07:00:00,65,0.052,1,-0.9049141403403884,6.505409895553684,0.0,214.97570037841797,182
16,2020-09-11 07:00:00 to 2020-09-25 07:00:00,2020-09-26 07:00:00 to 2020-09-28 07:00:00,155,0.072,0,0.0,0.0,0.0,220.82843399047852,183
17,2020-09-14 07:00:00 to 2020-09-28 07:00:00,2020-09-29 07:00:00 to 2020-10-01 07:00:00,175,0.04,0,0.0,0.0,0.0,221.68670678138733,185
18,2020-09-17 07:00:00 to 2020-10-01 07:00:00,2020-10-02 07:00:00 to 2020-10-04 07:00:00,205,0.074,1,0.9563593113040044,3.0637955606510383,100.0,221.8541657924652,187
19,2020-09-20 07:00:00 to 2020-10-04 07:00:00,2020-10-05 07:00:00 to 2020-10-07 07:00:00,205,0.066,1,-0.7828895947297496,4.070264839970914,0.0,218.32596826553345,188
20,2020-09-23 07:00:00 to 2020-10-07 07:00:00,2020-10-08 07:00:00 to 2020-10-10 07:00:00,80,0.062,0,0.0,0.0,0.0,209.70806193351743,189
21,2020-09-26 07:00:00 to 2020-10-10 07:00:00,2020-10-11 07:00:00 to 2020-10-13 07:00:00,45,0.046,2,2.737185773692654,1.492749170685388,100.0,215.07493209838867,191
22,2020-09-29 07:00:00 to 2020-10-13 07:00:00,2020-10-14 07:00:00 to 2020-10-16 07:00:00,80,0.062,1,0.3399423672302873,0.9906627898933796,0.0,213.47682881355288,193
23,2020-10-02 07:00:00 to 2020-10-16 07:00:00,2020-10-17 07:00:00 to 2020-10-19 07:00:00,35,0.028,1,-0.0122866304049784,1.9281687200235864,0.0,208.31252694129944,194
24,2020-10-05 07:00:00 to 2020-10-19 07:00:00,2020-10-20 07:00:00 to 2020-10-22 07:00:00,180,0.038,1,-1.5267721752639227,6.463791614264039,0.0,215.51294112205505,195
25,2020-10-08 07:00:00 to 2020-10-22 07:00:00,2020-10-23 07:00:00 to 2020-10-25 07:00:00,115,0.044,1,1.2935598524763008,1.4842713879176963,100.0,213.5456509590149,197
26,2020-10-11 07:00:00 to 2020-10-25 07:00:00,2020-10-26 07:00:00 to 2020-10-28 07:00:00,40,0.026,2,0.1536760504431004,3.5680130625435957,50.0,218.4831109046936,199
27,2020-10-14 07:00:00 to 2020-10-28 07:00:00,2020-10-29 07:00:00 to 2020-10-31 07:00:00,25,0.03,1,2.0972041000564605,1.7786831790963695,100.0,217.7031331062317,200
28,2020-10-17 07:00:00 to 2020-10-31 07:00:00,2020-11-01 07:00:00 to 2020-11-03 07:00:00,25,0.03,2,-1.7238347834274648,2.7554288383655634,50.0,216.77968907356265,201
29,2020-10-20 07:00:00 to 2020-11-03 07:00:00,2020-11-04 07:00:00 to 2020-11-06 07:00:00,30,0.03,1,-1.0411675636079782,4.85570037705389,0.0,212.0498960018158,203
30,2020-10-23 07:00:00 to 2020-11-06 07:00:00,2020-11-07 07:00:00 to 2020-11-09 07:00:00,30,0.04,1,-3.9384189175707975,10.44679567458715,0.0,216.3361270427704,205
31,2020-10-26 07:00:00 to 2020-11-09 07:00:00,2020-11-10 07:00:00 to 2020-11-12 07:00:00,300,0.08,0,0.0,0.0,0.0,216.48008394241333,206
32,2020-10-29 07:00:00 to 2020-11-12 07:00:00,2020-11-13 07:00:00 to 2020-11-15 07:00:00,190,0.03,2,3.709366594335661,1.2884835161589994,100.0,215.19364881515503,207
33,2020-11-01 07:00:00 to 2020-11-15 07:00:00,2020-11-16 07:00:00 to 2020-11-18 07:00:00,300,0.022,0,0.0,0.0,0.0,217.65017986297607,209
34,2020-11-04 07:00:00 to 2020-11-18 07:00:00,2020-11-19 07:00:00 to 2020-11-21 07:00:00,295,0.024,2,9.471570290269282,4.553122564932657,100.0,217.5310549736023,211
35,2020-11-07 07:00:00 to 2020-11-21 07:00:00,2020-11-22 07:00:00 to 2020-11-24 07:00:00,295,0.032,1,2.009569957670756,0.5175735707098074,100.0,217.7940547466278,212
36,2020-11-10 07:00:00 to 2020-11-24 07:00:00,2020-11-25 07:00:00 to 2020-11-27 07:00:00,290,0.024,1,-13.978411337865236,19.617179165885023,0.0,214.38825702667236,213
37,2020-11-13 07:00:00 to 2020-11-27 07:00:00,2020-11-28 07:00:00 to 2020-11-30 07:00:00,15,0.02,0,0.0,0.0,0.0,216.17767596244812,215
38,2020-11-16 07:00:00 to 2020-11-30 07:00:00,2020-12-01 07:00:00 to 2020-12-03 07:00:00,15,0.02,3,2.8673010938034893,4.074120288611597,100.0,219.2087128162384,217
39,2020-11-19 07:00:00 to 2020-12-03 07:00:00,2020-12-04 07:00:00 to 2020-12-06 07:00:00,20,0.02,3,1.027688186528394,2.4391408744149694,100.0,216.33818173408508,218
40,2020-11-22 07:00:00 to 2020-12-06 07:00:00,2020-12-07 07:00:00 to 2020-12-09 07:00:00,20,0.02,2,0.5616341412252405,2.1630912195874767,100.0,216.873074054718,219
41,2020-11-25 07:00:00 to 2020-12-09 07:00:00,2020-12-10 07:00:00 to 2020-12-12 07:00:00,100,0.022,2,1.9240588476420637,2.374355262798693,100.0,215.5200593471527,221
42,2020-11-28 07:00:00 to 2020-12-12 07:00:00,2020-12-13 07:00:00 to 2020-12-15 07:00:00,35,0.026,0,0.0,0.0,0.0,214.43352913856504,223
43,2020-12-01 07:00:00 to 2020-12-15 07:00:00,2020-12-16 07:00:00 to 2020-12-18 07:00:00,15,0.02,2,0.8611270979923211,1.3860231528830047,50.0,211.65541911125183,224
44,2020-12-04 07:00:00 to 2020-12-18 07:00:00,2020-12-19 07:00:00 to 2020-12-21 07:00:00,25,0.02,2,0.8765923761608974,1.105335296646332,50.0,205.95550274848935,225
45,2020-12-07 07:00:00 to 2020-12-21 07:00:00,2020-12-22 07:00:00 to 2020-12-24 07:00:00,30,0.02,5,-1.77454758769245,13.04923113881287,60.0,206.05920481681824,227
46,2020-12-10 07:00:00 to 2020-12-24 07:00:00,2020-12-25 07:00:00 to 2020-12-27 07:00:00,195,0.08,0,0.0,0.0,0.0,207.6854510307312,229
47,2020-12-13 07:00:00 to 2020-12-27 07:00:00,2020-12-28 07:00:00 to 2020-12-30 07:00:00,30,0.028,2,0.9145972438778336,1.0692266585235484,100.0,207.6780271530151,230
48,2020-12-16 07:00:00 to 2020-12-30 07:00:00,2020-12-31 07:00:00 to 2021-01-02 07:00:00,30,0.034,0,0.0,0.0,0.0,213.7858281135559,231
49,2020-12-19 07:00:00 to 2021-01-02 07:00:00,2021-01-03 07:00:00 to 2021-01-05 07:00:00,30,0.028,2,1.571405042551487,6.059021300913651,50.0,214.56656694412231,233
50,2020-12-22 07:00:00 to 2021-01-05 07:00:00,2021-01-06 07:00:00 to 2021-01-08 07:00:00,190,0.02,1,-5.759461555675553,15.787184118411396,0.0,215.30715417861936,235
51,2020-12-25 07:00:00 to 2021-01-08 07:00:00,2021-01-09 07:00:00 to 2021-01-11 07:00:00,100,0.024,1,-12.419219335665076,16.885227661584466,0.0,217.4225628376007,236
52,2020-12-28 07:00:00 to 2021-01-11 07:00:00,2021-01-12 07:00:00 to 2021-01-14 07:00:00,55,0.036,2,3.5309903312697863,0.9000370156240088,100.0,218.8887469768524,237
53,2020-12-31 07:00:00 to 2021-01-14 07:00:00,2021-01-15 07:00:00 to 2021-01-17 07:00:00,55,0.036,5,11.597065002606504,3.1117811459712508,80.0,219.8140139579773,239
54,2021-01-03 07:00:00 to 2021-01-17 07:00:00,2021-01-18 07:00:00 to 2021-01-20 07:00:00,45,0.034,2,2.3163806303840646,1.220123192901046,100.0,225.71938514709473,241
55,2021-01-06 07:00:00 to 2021-01-20 07:00:00,2021-01-21 07:00:00 to 2021-01-23 07:00:00,45,0.036,2,0.6855063877373686,8.432478389070646,50.0,222.8650302886963,242
56,2021-01-09 07:00:00 to 2021-01-23 07:00:00,2021-01-24 07:00:00 to 2021-01-26 07:00:00,45,0.058,0,0.0,0.0,0.0,222.2545599937439,243
57,2021-01-12 07:00:00 to 2021-01-26 07:00:00,2021-01-27 07:00:00 to 2021-01-29 07:00:00,30,0.028,4,1.4257269565419484,5.349039214220958,50.0,220.20222210884097,245
58,2021-01-15 07:00:00 to 2021-01-29 07:00:00,2021-01-30 07:00:00 to 2021-02-01 07:00:00,30,0.028,1,-0.6717025518341142,1.2519194137400091,0.0,222.4414279460907,247
59,2021-01-18 07:00:00 to 2021-02-01 07:00:00,2021-02-02 07:00:00 to 2021-02-04 07:00:00,30,0.02,3,2.66685192474597,0.5047007121874049,66.66666666666666,219.85396218299863,248
60,2021-01-21 07:00:00 to 2021-02-04 07:00:00,2021-02-05 07:00:00 to 2021-02-07 07:00:00,70,0.026,3,7.621691664083337,3.041033962314747,100.0,214.92426800727844,249
61,2021-01-24 07:00:00 to 2021-02-07 07:00:00,2021-02-08 07:00:00 to 2021-02-10 07:00:00,90,0.028,1,1.0109787295867865,1.4034668994255797,100.0,217.56248998641968,251
62,2021-01-27 07:00:00 to 2021-02-10 07:00:00,2021-02-11 07:00:00 to 2021-02-13 07:00:00,120,0.02,0,0.0,0.0,0.0,213.9751019477844,253
63,2021-01-30 07:00:00 to 2021-02-13 07:00:00,2021-02-14 07:00:00 to 2021-02-16 07:00:00,110,0.02,2,-9.864719761426532,24.541781178889853,50.0,212.3757200241089,254
64,2021-02-02 07:00:00 to 2021-02-16 07:00:00,2021-02-17 07:00:00 to 2021-02-19 07:00:00,80,0.026,2,2.7385072212573687,6.521639654282717,100.0,220.5706968307495,255
65,2021-02-05 07:00:00 to 2021-02-19 07:00:00,2021-02-20 07:00:00 to 2021-02-22 07:00:00,80,0.026,4,4.557320243256436,6.831769163250992,75.0,219.43254613876343,257
66,2021-02-08 07:00:00 to 2021-02-22 07:00:00,2021-02-23 07:00:00 to 2021-02-25 07:00:00,90,0.08,2,2.326033045825152,15.525504106090652,50.0,220.60063481330872,259
67,2021-02-11 07:00:00 to 2021-02-25 07:00:00,2021-02-26 07:00:00 to 2021-02-28 07:00:00,45,0.08,2,1.7764729675268245,2.310152681479439,50.0,223.0928418636322,260
68,2021-02-14 07:00:00 to 2021-02-28 07:00:00,2021-03-01 07:00:00 to 2021-03-03 07:00:00,80,0.078,0,0.0,0.0,0.0,226.8907639980316,261
69,2021-02-17 07:00:00 to 2021-03-03 07:00:00,2021-03-04 07:00:00 to 2021-03-06 07:00:00,45,0.08,0,0.0,0.0,0.0,226.9045958518982,263
70,2021-02-20 07:00:00 to 2021-03-06 07:00:00,2021-03-07 07:00:00 to 2021-03-09 07:00:00,295,0.064,0,0.0,0.0,0.0,229.6082820892334,265
71,2021-02-23 07:00:00 to 2021-03-09 07:00:00,2021-03-10 07:00:00 to 2021-03-12 07:00:00,10,0.022,6,0.8600243370240787,1.879535154059377,66.66666666666666,228.29662084579468,266
72,2021-02-26 07:00:00 to 2021-03-12 07:00:00,2021-03-13 07:00:00 to 2021-03-15 07:00:00,235,0.046,2,5.3946022901844115,1.2697460341427955,100.0,215.71743202209473,267
73,2021-03-01 07:00:00 to 2021-03-15 07:00:00,2021-03-16 07:00:00 to 2021-03-18 07:00:00,90,0.026,1,0.8004525596504936,1.5156135189240183,100.0,220.45620584487915,269
74,2021-03-04 07:00:00 to 2021-03-18 07:00:00,2021-03-19 07:00:00 to 2021-03-21 07:00:00,135,0.022,2,2.2293658795111875,7.048556541689886,50.0,218.5430929660797,271
75,2021-03-07 07:00:00 to 2021-03-21 07:00:00,2021-03-22 07:00:00 to 2021-03-24 07:00:00,135,0.02,2,1.390824312338136,7.704975734983498,50.0,226.02949571609497,272
76,2021-03-10 07:00:00 to 2021-03-24 07:00:00,2021-03-25 07:00:00 to 2021-03-27 07:00:00,185,0.046,1,3.470202204383386,7.952743032800481,100.0,227.2480731010437,273
77,2021-03-13 07:00:00 to 2021-03-27 07:00:00,2021-03-28 07:00:00 to 2021-03-30 07:00:00,165,0.048,1,2.744253542160568,0.929488748326207,100.0,225.50922870635983,275
78,2021-03-16 07:00:00 to 2021-03-30 07:00:00,2021-03-31 07:00:00 to 2021-04-02 07:00:00,195,0.078,0,0.0,0.0,0.0,221.15443110466003,277
79,2021-03-19 07:00:00 to 2021-04-02 07:00:00,2021-04-03 07:00:00 to 2021-04-05 07:00:00,185,0.046,1,2.900041436491956,4.487177126582936,100.0,219.64879894256592,278
80,2021-03-22 07:00:00 to 2021-04-05 07:00:00,2021-04-06 07:00:00 to 2021-04-08 07:00:00,85,0.022,2,-2.2427604492260977,12.270161357907693,50.0,217.24602127075195,279
81,2021-03-25 07:00:00 to 2021-04-08 07:00:00,2021-04-09 07:00:00 to 2021-04-11 07:00:00,290,0.042,1,-1.8820099841292723,2.4666736286745445,0.0,212.74720001220703,281
82,2021-03-28 07:00:00 to 2021-04-11 07:00:00,2021-04-12 07:00:00 to 2021-04-14 07:00:00,295,0.04,1,-0.8141779564457465,4.038136477567808,0.0,214.41579914093015,283
83,2021-03-31 07:00:00 to 2021-04-14 07:00:00,2021-04-15 07:00:00 to 2021-04-17 07:00:00,285,0.042,1,2.341777184789862,0.9735098842715904,100.0,212.19792914390564,284
84,2021-04-03 07:00:00 to 2021-04-17 07:00:00,2021-04-18 07:00:00 to 2021-04-20 07:00:00,250,0.022,1,-28.43127494714427,28.887698159919207,0.0,213.80065989494324,285
85,2021-04-06 07:00:00 to 2021-04-20 07:00:00,2021-04-21 07:00:00 to 2021-04-23 07:00:00,150,0.08,2,0.4544005168364493,11.289319641219889,50.0,219.27003407478333,287
86,2021-04-09 07:00:00 to 2021-04-23 07:00:00,2021-04-24 07:00:00 to 2021-04-26 07:00:00,150,0.08,1,4.073464293944453,0.3338945036423782,100.0,221.02885699272156,289
87,2021-04-12 07:00:00 to 2021-04-26 07:00:00,2021-04-27 07:00:00 to 2021-04-29 07:00:00,150,0.08,0,0.0,0.0,0.0,223.0839097499847,290
88,2021-04-15 07:00:00 to 2021-04-29 07:00:00,2021-04-30 07:00:00 to 2021-05-02 07:00:00,150,0.08,0,0.0,0.0,0.0,225.64658617973328,291
89,2021-04-18 07:00:00 to 2021-05-02 07:00:00,2021-05-03 07:00:00 to 2021-05-05 07:00:00,190,0.028,3,5.8381959404515875,5.4718937224336255,66.66666666666666,223.73325204849243,293
90,2021-04-21 07:00:00 to 2021-05-05 07:00:00,2021-05-06 07:00:00 to 2021-05-08 07:00:00,195,0.026,3,5.983647721888719,1.170574116997855,100.0,224.87926030158997,295
91,2021-04-24 07:00:00 to 2021-05-08 07:00:00,2021-05-09 07:00:00 to 2021-05-11 07:00:00,65,0.026,4,-0.3022058755962098,9.525459982067254,75.0,219.18416285514832,296
92,2021-04-27 07:00:00 to 2021-05-11 07:00:00,2021-05-12 07:00:00 to 2021-05-14 07:00:00,130,0.02,1,-6.920620707525085,14.04151708047512,0.0,219.80371594429016,297
93,2021-04-30 07:00:00 to 2021-05-14 07:00:00,2021-05-15 07:00:00 to 2021-05-17 07:00:00,190,0.03,2,-1.5904502118783783,10.46059512118079,50.0,223.82798075675964,299
94,2021-05-03 07:00:00 to 2021-05-17 07:00:00,2021-05-18 07:00:00 to 2021-05-20 07:00:00,95,0.06,1,-17.20421316981412,46.17022710823825,0.0,226.88369417190552,301
95,2021-05-06 07:00:00 to 2021-05-20 07:00:00,2021-05-21 07:00:00 to 2021-05-23 07:00:00,15,0.078,0,0.0,0.0,0.0,227.54498720169067,302
96,2021-05-09 07:00:00 to 2021-05-23 07:00:00,2021-05-24 07:00:00 to 2021-05-26 07:00:00,15,0.08,0,0.0,0.0,0.0,228.4271490573883,303
97,2021-05-12 07:00:00 to 2021-05-26 07:00:00,2021-05-27 07:00:00 to 2021-05-29 07:00:00,15,0.08,0,0.0,0.0,0.0,227.04445099830627,305
98,2021-05-15 07:00:00 to 2021-05-29 07:00:00,2021-05-30 07:00:00 to 2021-06-01 07:00:00,15,0.08,0,0.0,0.0,0.0,226.09062314033508,307
99,2021-05-18 07:00:00 to 2021-06-01 07:00:00,2021-06-02 07:00:00 to 2021-06-04 07:00:00,120,0.08,1,-2.1798778045379734,2.179877804537973,0.0,222.3617777824402,308
100,2021-05-21 07:00:00 to 2021-06-04 07:00:00,2021-06-05 07:00:00 to 2021-06-07 07:00:00,230,0.08,0,0.0,0.0,0.0,221.23516583442688,309
101,2021-05-24 07:00:00 to 2021-06-07 07:00:00,2021-06-08 07:00:00 to 2021-06-10 07:00:00,15,0.03,2,0.6158865944126956,1.6429206028475778,100.0,218.45706915855408,311
102,2021-05-27 07:00:00 to 2021-06-10 07:00:00,2021-06-11 07:00:00 to 2021-06-13 07:00:00,235,0.05,1,0.4623497069618315,10.178006097077134,100.0,222.1127450466156,313
103,2021-05-30 07:00:00 to 2021-06-13 07:00:00,2021-06-14 07:00:00 to 2021-06-16 07:00:00,235,0.08,0,0.0,0.0,0.0,213.9475190639496,314
104,2021-06-02 07:00:00 to 2021-06-16 07:00:00,2021-06-17 07:00:00 to 2021-06-19 07:00:00,210,0.048,1,-0.9553031861786077,7.926749246973908,0.0,221.62955403327945,315
105,2021-06-05 07:00:00 to 2021-06-19 07:00:00,2021-06-20 07:00:00 to 2021-06-22 07:00:00,280,0.066,2,-3.488672977552724,11.98824089308609,50.0,215.19758701324463,317
106,2021-06-08 07:00:00 to 2021-06-22 07:00:00,2021-06-23 07:00:00 to 2021-06-25 07:00:00,50,0.076,0,0.0,0.0,0.0,216.5668487548828,319
107,2021-06-11 07:00:00 to 2021-06-25 07:00:00,2021-06-26 07:00:00 to 2021-06-28 07:00:00,50,0.076,0,0.0,0.0,0.0,216.21756291389465,320
108,2021-06-14 07:00:00 to 2021-06-28 07:00:00,2021-06-29 07:00:00 to 2021-07-01 07:00:00,290,0.022,1,-0.1795490469548895,0.1795490469548895,0.0,219.72200679779053,321
109,2021-06-17 07:00:00 to 2021-07-01 07:00:00,2021-07-02 07:00:00 to 2021-07-04 07:00:00,300,0.022,1,3.37015488710751,3.4007781530295507,100.0,222.56812691688535,323
110,2021-06-20 07:00:00 to 2021-07-04 07:00:00,2021-07-05 07:00:00 to 2021-07-07 07:00:00,220,0.032,1,2.6142506085600323,0.2603815073276129,100.0,218.96952867507937,325
111,2021-06-23 07:00:00 to 2021-07-07 07:00:00,2021-07-08 07:00:00 to 2021-07-10 07:00:00,30,0.02,4,-1.347179544249684,6.799450632563187,50.0,211.7244617938995,326
112,2021-06-26 07:00:00 to 2021-07-10 07:00:00,2021-07-11 07:00:00 to 2021-07-13 07:00:00,40,0.02,2,-1.357179920431936,3.9048310616566297,0.0,213.2156286239624,327
113,2021-06-29 07:00:00 to 2021-07-13 07:00:00,2021-07-14 07:00:00 to 2021-07-16 07:00:00,75,0.032,3,4.009678648577865,2.390582765447343,66.66666666666666,214.4709610939026,329
114,2021-07-02 07:00:00 to 2021-07-16 07:00:00,2021-07-17 07:00:00 to 2021-07-19 07:00:00,240,0.048,1,1.5029684868895856,2.0963653820038286,100.0,211.81982278823853,331
115,2021-07-05 07:00:00 to 2021-07-19 07:00:00,2021-07-20 07:00:00 to 2021-07-22 07:00:00,240,0.048,1,0.2386571212836133,8.189335469934612,100.0,212.54906392097473,332
116,2021-07-08 07:00:00 to 2021-07-22 07:00:00,2021-07-23 07:00:00 to 2021-07-25 07:00:00,300,0.062,0,0.0,0.0,0.0,213.60099291801453,333
117,2021-07-11 07:00:00 to 2021-07-25 07:00:00,2021-07-26 07:00:00 to 2021-07-28 07:00:00,280,0.056,0,0.0,0.0,0.0,218.86103200912476,335
118,2021-07-14 07:00:00 to 2021-07-28 07:00:00,2021-07-29 07:00:00 to 2021-07-31 07:00:00,30,0.02,2,0.7529201834894047,1.7109268616169642,100.0,214.1636898517609,337
119,2021-07-17 07:00:00 to 2021-07-31 07:00:00,2021-08-01 07:00:00 to 2021-08-03 07:00:00,30,0.02,5,8.184521397125136,1.6771781969856472,80.0,213.512140750885,338
120,2021-07-20 07:00:00 to 2021-08-03 07:00:00,2021-08-04 07:00:00 to 2021-08-06 07:00:00,30,0.02,3,0.3313310285761691,2.163285593641738,66.66666666666666,208.4466137886047,339
121,2021-07-23 07:00:00 to 2021-08-06 07:00:00,2021-08-07 07:00:00 to 2021-08-09 07:00:00,40,0.02,3,1.158119290080995,4.7814573882702245,66.66666666666666,215.28764390945437,341
122,2021-07-26 07:00:00 to 2021-08-09 07:00:00,2021-08-10 07:00:00 to 2021-08-12 07:00:00,40,0.03,3,3.1050094569052815,0.4771927913074981,66.66666666666666,212.6729872226715,343
123,2021-07-29 07:00:00 to 2021-08-12 07:00:00,2021-08-13 07:00:00 to 2021-08-15 07:00:00,40,0.02,2,2.165791683250263,0.6571679896405829,100.0,212.78276181221008,344
124,2021-08-01 07:00:00 to 2021-08-15 07:00:00,2021-08-16 07:00:00 to 2021-08-18 07:00:00,40,0.02,5,2.8797666305400527,9.996690669959245,80.0,206.18731117248535,345
125,2021-08-04 07:00:00 to 2021-08-18 07:00:00,2021-08-19 07:00:00 to 2021-08-21 07:00:00,40,0.02,2,2.138905542950197,2.338241079058388,100.0,212.93325209617615,347
126,2021-08-07 07:00:00 to 2021-08-21 07:00:00,2021-08-22 07:00:00 to 2021-08-24 07:00:00,135,0.02,1,1.431423970588221,1.073123991693729,100.0,212.8929479122162,349
127,2021-08-10 07:00:00 to 2021-08-24 07:00:00,2021-08-25 07:00:00 to 2021-08-27 07:00:00,135,0.036,3,3.413459241890978,3.764106615387135,66.66666666666666,213.0001709461212,350
128,2021-08-13 07:00:00 to 2021-08-27 07:00:00,2021-08-28 07:00:00 to 2021-08-30 07:00:00,125,0.024,0,0.0,0.0,0.0,216.90050292015076,351
129,2021-08-16 07:00:00 to 2021-08-30 07:00:00,2021-08-31 07:00:00 to 2021-09-02 07:00:00,60,0.02,2,2.9585047231598582,4.013426840709092,100.0,213.4930248260498,353
130,2021-08-19 07:00:00 to 2021-09-02 07:00:00,2021-09-03 07:00:00 to 2021-09-05 07:00:00,60,0.022,0,0.0,0.0,0.0,214.8277850151062,355
131,2021-08-22 07:00:00 to 2021-09-05 07:00:00,2021-09-06 07:00:00 to 2021-09-08 07:00:00,70,0.02,3,-15.46968871635032,26.175484727044203,33.33333333333333,219.28289103507996,356
132,2021-08-25 07:00:00 to 2021-09-08 07:00:00,2021-09-09 07:00:00 to 2021-09-11 07:00:00,25,0.064,0,0.0,0.0,0.0,206.6966438293457,357
133,2021-08-28 07:00:00 to 2021-09-11 07:00:00,2021-09-12 07:00:00 to 2021-09-14 07:00:00,25,0.064,0,0.0,0.0,0.0,211.0012698173523,359
134,2021-08-31 07:00:00 to 2021-09-14 07:00:00,2021-09-15 07:00:00 to 2021-09-17 07:00:00,25,0.064,0,0.0,0.0,0.0,214.24855303764343,361
135,2021-09-03 07:00:00 to 2021-09-17 07:00:00,2021-09-18 07:00:00 to 2021-09-20 07:00:00,25,0.064,0,0.0,0.0,0.0,211.50888800621033,362
136,2021-09-06 07:00:00 to 2021-09-20 07:00:00,2021-09-21 07:00:00 to 2021-09-23 07:00:00,25,0.064,0,0.0,0.0,0.0,219.44520711898804,363
137,2021-09-09 07:00:00 to 2021-09-23 07:00:00,2021-09-24 07:00:00 to 2021-09-26 07:00:00,135,0.04,2,2.178844872034206,2.6979664658222817,50.0,216.10074710845947,365
138,2021-09-12 07:00:00 to 2021-09-26 07:00:00,2021-09-27 07:00:00 to 2021-09-29 07:00:00,25,0.022,3,-0.762235528877809,3.895742086037692,66.66666666666666,213.0163609981537,367
139,2021-09-15 07:00:00 to 2021-09-29 07:00:00,2021-09-30 07:00:00 to 2021-10-02 07:00:00,135,0.052,0,0.0,0.0,0.0,218.56731486320496,368
140,2021-09-18 07:00:00 to 2021-10-02 07:00:00,2021-10-03 07:00:00 to 2021-10-05 07:00:00,300,0.08,0,0.0,0.0,0.0,218.94396018981936,369
141,2021-09-21 07:00:00 to 2021-10-05 07:00:00,2021-10-06 07:00:00 to 2021-10-08 07:00:00,65,0.042,1,1.86009234911824,0.2672020739990002,100.0,212.76640105247495,371
142,2021-09-24 07:00:00 to 2021-10-08 07:00:00,2021-10-09 07:00:00 to 2021-10-11 07:00:00,25,0.02,2,0.7525304650711405,0.7865938734789215,100.0,211.7968797683716,373
143,2021-09-27 07:00:00 to 2021-10-11 07:00:00,2021-10-12 07:00:00 to 2021-10-14 07:00:00,175,0.028,2,0.2008006852927064,5.7829343118848735,50.0,209.66453886032104,374
144,2021-09-30 07:00:00 to 2021-10-14 07:00:00,2021-10-15 07:00:00 to 2021-10-17 07:00:00,35,0.024,1,0.6746090364383781,0.2382604681948214,100.0,204.9559030532837,375
145,2021-10-03 07:00:00 to 2021-10-17 07:00:00,2021-10-18 07:00:00 to 2021-10-20 07:00:00,35,0.024,1,0.4218386188363911,0.3343959433840791,100.0,208.4430820941925,377
146,2021-10-06 07:00:00 to 2021-10-20 07:00:00,2021-10-21 07:00:00 to 2021-10-23 07:00:00,25,0.02,1,0.2785889411555945,0.7017748186430603,100.0,209.62963104248047,379
147,2021-10-09 07:00:00 to 2021-10-23 07:00:00,2021-10-24 07:00:00 to 2021-10-26 07:00:00,300,0.036,1,1.715667188765856,0.630033697424071,100.0,209.9471628665924,380
148,2021-10-12 07:00:00 to 2021-10-26 07:00:00,2021-10-27 07:00:00 to 2021-10-29 07:00:00,190,0.022,2,2.328442637651151,3.898106378144075,100.0,206.76012110710144,381
149,2021-10-15 07:00:00 to 2021-10-29 07:00:00,2021-10-30 07:00:00 to 2021-11-01 07:00:00,245,0.022,1,0.5155160901678028,0.5585877320109648,0.0,209.6891520023346,383
150,2021-10-18 07:00:00 to 2021-11-01 07:00:00,2021-11-02 07:00:00 to 2021-11-04 07:00:00,255,0.044,0,0.0,0.0,0.0,206.89639019966123,385
151,2021-10-21 07:00:00 to 2021-11-04 07:00:00,2021-11-05 07:00:00 to 2021-11-07 07:00:00,170,0.022,2,0.8611874690489639,2.216904653871741,50.0,210.55801033973697,386
152,2021-10-24 07:00:00 to 2021-11-07 07:00:00,2021-11-08 07:00:00 to 2021-11-10 07:00:00,170,0.022,1,0.2888660432918186,0.2713055249687797,0.0,208.92895793914795,387
153,2021-10-27 07:00:00 to 2021-11-10 07:00:00,2021-11-11 07:00:00 to 2021-11-13 07:00:00,70,0.026,2,2.2129783710813538,0.8243253742399604,100.0,207.8920500278473,389
154,2021-10-30 07:00:00 to 2021-11-13 07:00:00,2021-11-14 07:00:00 to 2021-11-16 07:00:00,140,0.02,1,-3.963992844170334,6.268334147790419,0.0,209.11707401275635,391
155,2021-11-02 07:00:00 to 2021-11-16 07:00:00,2021-11-17 07:00:00 to 2021-11-19 07:00:00,295,0.044,2,2.7075871566784917,3.2124819317906983,50.0,211.62961602211,392
156,2021-11-05 07:00:00 to 2021-11-19 07:00:00,2021-11-20 07:00:00 to 2021-11-22 07:00:00,300,0.044,0,0.0,0.0,0.0,211.21215391159055,393
157,2021-11-08 07:00:00 to 2021-11-22 07:00:00,2021-11-23 07:00:00 to 2021-11-25 07:00:00,300,0.044,0,0.0,0.0,0.0,214.75105476379397,395
158,2021-11-11 07:00:00 to 2021-11-25 07:00:00,2021-11-26 07:00:00 to 2021-11-28 07:00:00,285,0.072,1,-0.625660628662754,3.4899673904616475,0.0,212.0685760974884,397
159,2021-11-14 07:00:00 to 2021-11-28 07:00:00,2021-11-29 07:00:00 to 2021-12-01 07:00:00,195,0.04,0,0.0,0.0,0.0,214.82367491722107,398
160,2021-11-17 07:00:00 to 2021-12-01 07:00:00,2021-12-02 07:00:00 to 2021-12-04 07:00:00,170,0.032,1,-21.558222230255915,30.860780314897163,0.0,208.82679295539856,399
161,2021-11-20 07:00:00 to 2021-12-04 07:00:00,2021-12-05 07:00:00 to 2021-12-07 07:00:00,30,0.08,0,0.0,0.0,0.0,209.71800112724304,401
162,2021-11-23 07:00:00 to 2021-12-07 07:00:00,2021-12-08 07:00:00 to 2021-12-10 07:00:00,30,0.08,0,0.0,0.0,0.0,215.23535108566284,403
163,2021-11-26 07:00:00 to 2021-12-10 07:00:00,2021-12-11 07:00:00 to 2021-12-13 07:00:00,30,0.08,0,0.0,0.0,0.0,209.3248300552368,404
164,2021-11-29 07:00:00 to 2021-12-13 07:00:00,2021-12-14 07:00:00 to 2021-12-16 07:00:00,30,0.08,0,0.0,0.0,0.0,212.60528993606567,405
165,2021-12-02 07:00:00 to 2021-12-16 07:00:00,2021-12-17 07:00:00 to 2021-12-19 07:00:00,185,0.066,0,0.0,0.0,0.0,214.7460579872131,407
166,2021-12-05 07:00:00 to 2021-12-19 07:00:00,2021-12-20 07:00:00 to 2021-12-22 07:00:00,105,0.04,1,0.1466461436490499,3.9352605270638192,100.0,213.35188817977905,409
167,2021-12-08 07:00:00 to 2021-12-22 07:00:00,2021-12-23 07:00:00 to 2021-12-25 07:00:00,260,0.038,0,0.0,0.0,0.0,213.9843189716339,410
168,2021-12-11 07:00:00 to 2021-12-25 07:00:00,2021-12-26 07:00:00 to 2021-12-28 07:00:00,285,0.022,1,1.0423766566913946,1.2495579881096348,0.0,210.97986602783203,411
169,2021-12-14 07:00:00 to 2021-12-28 07:00:00,2021-12-29 07:00:00 to 2021-12-31 07:00:00,205,0.044,1,2.7936217324207973,4.981154169773781,100.0,209.7110641002655,413
170,2021-12-17 07:00:00 to 2021-12-31 07:00:00,2022-01-01 07:00:00 to 2022-01-03 07:00:00,300,0.066,0,0.0,0.0,0.0,210.21637296676636,415
171,2021-12-20 07:00:00 to 2022-01-03 07:00:00,2022-01-04 07:00:00 to 2022-01-06 07:00:00,280,0.066,1,-1.1440269687912588,2.71161810697294,0.0,206.18429708480835,416
172,2021-12-23 07:00:00 to 2022-01-06 07:00:00,2022-01-07 07:00:00 to 2022-01-09 07:00:00,295,0.066,1,8.662091286272625,6.190084662245725,100.0,210.72535014152527,417
173,2021-12-26 07:00:00 to 2022-01-09 07:00:00,2022-01-10 07:00:00 to 2022-01-12 07:00:00,290,0.062,1,3.29825411931819,1.9999410858211688,100.0,211.13739681243896,419
174,2021-12-29 07:00:00 to 2022-01-12 07:00:00,2022-01-13 07:00:00 to 2022-01-15 07:00:00,290,0.08,0,0.0,0.0,0.0,209.017600774765,421
175,2022-01-01 07:00:00 to 2022-01-15 07:00:00,2022-01-16 07:00:00 to 2022-01-18 07:00:00,290,0.08,0,0.0,0.0,0.0,214.07641291618347,422
176,2022-01-04 07:00:00 to 2022-01-18 07:00:00,2022-01-19 07:00:00 to 2022-01-21 07:00:00,285,0.05,1,-18.522779162158184,19.419842038344083,0.0,214.47082996368408,423
177,2022-01-07 07:00:00 to 2022-01-21 07:00:00,2022-01-22 07:00:00 to 2022-01-24 07:00:00,10,0.036,1,-6.413509133974039,12.81287757932796,0.0,212.8374741077423,425
178,2022-01-10 07:00:00 to 2022-01-24 07:00:00,2022-01-25 07:00:00 to 2022-01-27 07:00:00,30,0.08,0,0.0,0.0,0.0,215.58702993392944,427
179,2022-01-13 07:00:00 to 2022-01-27 07:00:00,2022-01-28 07:00:00 to 2022-01-30 07:00:00,30,0.08,0,0.0,0.0,0.0,215.83676886558533,428
180,2022-01-16 07:00:00 to 2022-01-30 07:00:00,2022-01-31 07:00:00 to 2022-02-02 07:00:00,30,0.08,0,0.0,0.0,0.0,221.37484908103943,429
181,2022-01-19 07:00:00 to 2022-02-02 07:00:00,2022-02-03 07:00:00 to 2022-02-05 07:00:00,300,0.02,1,1.7915101885355216,1.196058177251124,100.0,218.9365541934967,431
182,2022-01-22 07:00:00 to 2022-02-05 07:00:00,2022-02-06 07:00:00 to 2022-02-08 07:00:00,220,0.02,0,0.0,0.0,0.0,214.4172270298004,433
183,2022-01-25 07:00:00 to 2022-02-08 07:00:00,2022-02-09 07:00:00 to 2022-02-11 07:00:00,185,0.028,3,4.3124702536147375,0.9640301392035804,66.66666666666666,208.4898612499237,434
184,2022-01-28 07:00:00 to 2022-02-11 07:00:00,2022-02-12 07:00:00 to 2022-02-14 07:00:00,240,0.02,1,-3.922480769686208,6.784475481930271,0.0,206.9625029563904,435
185,2022-01-31 07:00:00 to 2022-02-14 07:00:00,2022-02-15 07:00:00 to 2022-02-17 07:00:00,250,0.02,0,0.0,0.0,0.0,209.71970510482788,437
186,2022-02-03 07:00:00 to 2022-02-17 07:00:00,2022-02-18 07:00:00 to 2022-02-20 07:00:00,290,0.022,1,-3.612211948363201,7.908950168630889,0.0,209.62210202217105,439
187,2022-02-06 07:00:00 to 2022-02-20 07:00:00,2022-02-21 07:00:00 to 2022-02-23 07:00:00,80,0.038,2,0.3602524144022755,6.797830365111847,50.0,215.03910326957703,440
188,2022-02-09 07:00:00 to 2022-02-23 07:00:00,2022-02-24 07:00:00 to 2022-02-26 07:00:00,80,0.04,1,-4.010482860620341,9.268859482927036,0.0,214.72498297691345,441
189,2022-02-12 07:00:00 to 2022-02-26 07:00:00,2022-02-27 07:00:00 to 2022-03-01 07:00:00,235,0.068,0,0.0,0.0,0.0,213.10606122016907,443
190,2022-02-15 07:00:00 to 2022-03-01 07:00:00,2022-03-02 07:00:00 to 2022-03-04 07:00:00,235,0.068,1,1.8725458760974287,0.6134584996592558,0.0,215.73527717590332,445
191,2022-02-18 07:00:00 to 2022-03-04 07:00:00,2022-03-05 07:00:00 to 2022-03-07 07:00:00,235,0.068,1,-0.516653727901612,3.0989346773336863,0.0,217.35320401191711,446
192,2022-02-21 07:00:00 to 2022-03-07 07:00:00,2022-03-08 07:00:00 to 2022-03-10 07:00:00,225,0.038,1,0.4584723049434251,0.2601860241372754,0.0,218.1314549446106,447
193,2022-02-24 07:00:00 to 2022-03-10 07:00:00,2022-03-11 07:00:00 to 2022-03-13 07:00:00,135,0.022,2,2.3507194882903786,0.53296081111522,100.0,214.78808188438416,449
194,2022-02-27 07:00:00 to 2022-03-13 07:00:00,2022-03-14 07:00:00 to 2022-03-16 07:00:00,135,0.022,1,1.265262226457471,0.6709587127419891,100.0,215.0291850566864,451
195,2022-03-02 07:00:00 to 2022-03-16 07:00:00,2022-03-17 07:00:00 to 2022-03-19 07:00:00,170,0.022,0,0.0,0.0,0.0,215.9319188594818,452
196,2022-03-05 07:00:00 to 2022-03-19 07:00:00,2022-03-20 07:00:00 to 2022-03-22 07:00:00,130,0.02,1,1.2731270222743296,0.0195852802143562,100.0,209.18900895118713,453
197,2022-03-08 07:00:00 to 2022-03-22 07:00:00,2022-03-23 07:00:00 to 2022-03-25 07:00:00,215,0.02,0,0.0,0.0,0.0,206.60791182518005,455
198,2022-03-11 07:00:00 to 2022-03-25 07:00:00,2022-03-26 07:00:00 to 2022-03-28 07:00:00,260,0.02,0,0.0,0.0,0.0,202.89758801460263,457
199,2022-03-14 07:00:00 to 2022-03-28 07:00:00,2022-03-29 07:00:00 to 2022-03-31 07:00:00,80,0.022,2,6.379208097354348,1.988288550195936,100.0,201.3769519329071,458
200,2022-03-17 07:00:00 to 2022-03-31 07:00:00,2022-04-01 07:00:00 to 2022-04-03 07:00:00,80,0.02,4,5.6683195963661275,2.4832280200006083,75.0,204.5364851951599,459
201,2022-03-20 07:00:00 to 2022-04-03 07:00:00,2022-04-04 07:00:00 to 2022-04-06 07:00:00,60,0.02,2,0.774013114641839,4.558744637616082,100.0,207.66590285301208,461
202,2022-03-23 07:00:00 to 2022-04-06 07:00:00,2022-04-07 07:00:00 to 2022-04-09 07:00:00,225,0.022,2,2.7111178825600653,1.4517357815482137,100.0,210.5913097858429,463
203,2022-03-26 07:00:00 to 2022-04-09 07:00:00,2022-04-10 07:00:00 to 2022-04-12 07:00:00,220,0.022,2,-5.5777387245089995,12.76416790656381,50.0,212.6359429359436,464
204,2022-03-29 07:00:00 to 2022-04-12 07:00:00,2022-04-13 07:00:00 to 2022-04-15 07:00:00,210,0.02,1,-1.3235397072384876,5.972689287761102,0.0,221.03993391990664,465
205,2022-04-01 07:00:00 to 2022-04-15 07:00:00,2022-04-16 07:00:00 to 2022-04-18 07:00:00,115,0.022,2,1.3251061618716085,4.9299885000351304,50.0,219.00587797164917,467
206,2022-04-04 07:00:00 to 2022-04-18 07:00:00,2022-04-19 07:00:00 to 2022-04-21 07:00:00,165,0.02,1,1.968145901333592,0.7547964625208479,100.0,218.85632991790771,469
207,2022-04-07 07:00:00 to 2022-04-21 07:00:00,2022-04-22 07:00:00 to 2022-04-24 07:00:00,115,0.024,1,1.8623821263165337,3.9304963547250584,100.0,215.54336404800415,470
208,2022-04-10 07:00:00 to 2022-04-24 07:00:00,2022-04-25 07:00:00 to 2022-04-27 07:00:00,300,0.026,1,3.433295149742062,2.272647583437122,0.0,210.2011520862579,471
209,2022-04-13 07:00:00 to 2022-04-27 07:00:00,2022-04-28 07:00:00 to 2022-04-30 07:00:00,275,0.028,2,1.0291876004634286,1.967660168503242,50.0,207.41929292678833,473
210,2022-04-16 07:00:00 to 2022-04-30 07:00:00,2022-05-01 07:00:00 to 2022-05-03 07:00:00,50,0.06,1,-0.1382775836484507,1.1390184296394672,0.0,210.7138102054596,475
211,2022-04-19 07:00:00 to 2022-05-03 07:00:00,2022-05-04 07:00:00 to 2022-05-06 07:00:00,255,0.02,2,-3.797798010886435,4.9977403602302015,50.0,214.3433599472046,476
212,2022-04-22 07:00:00 to 2022-05-06 07:00:00,2022-05-07 07:00:00 to 2022-05-09 07:00:00,90,0.076,0,0.0,0.0,0.0,214.4053180217743,477
213,2022-04-25 07:00:00 to 2022-05-09 07:00:00,2022-05-10 07:00:00 to 2022-05-12 07:00:00,30,0.056,4,-25.123601665478173,29.287465354879743,50.0,219.34592413902283,479
214,2022-04-28 07:00:00 to 2022-05-12 07:00:00,2022-05-13 07:00:00 to 2022-05-15 07:00:00,20,0.078,1,5.078936048928208,0.0521053004093363,100.0,218.05676293373108,481
215,2022-05-01 07:00:00 to 2022-05-15 07:00:00,2022-05-16 07:00:00 to 2022-05-18 07:00:00,25,0.046,1,0.5319928559561231,1.438002076572689,100.0,221.60023021698,482
216,2022-05-04 07:00:00 to 2022-05-18 07:00:00,2022-05-19 07:00:00 to 2022-05-21 07:00:00,25,0.054,1,1.4435210599839048,0.8707842798232585,100.0,223.2994828224182,483
217,2022-05-07 07:00:00 to 2022-05-21 07:00:00,2022-05-22 07:00:00 to 2022-05-24 07:00:00,25,0.054,1,0.0238632679431429,1.333213613834511,100.0,224.4148771762848,485
218,2022-05-10 07:00:00 to 2022-05-24 07:00:00,2022-05-25 07:00:00 to 2022-05-27 07:00:00,260,0.044,1,-5.973776001610058,9.421802342034654,0.0,223.65432620048523,487
219,2022-05-13 07:00:00 to 2022-05-27 07:00:00,2022-05-28 07:00:00 to 2022-05-30 07:00:00,25,0.028,2,1.4257062849844624,0.3183991209016331,100.0,219.31542992591855,488
220,2022-05-16 07:00:00 to 2022-05-30 07:00:00,2022-05-31 07:00:00 to 2022-06-02 07:00:00,300,0.04,1,0.1980573053891748,2.7290822075486525,0.0,216.93762612342832,489
221,2022-05-19 07:00:00 to 2022-06-02 07:00:00,2022-06-03 07:00:00 to 2022-06-05 07:00:00,45,0.03,1,-2.3545536735914356,3.8398712221727487,0.0,214.44504380226135,491
222,2022-05-22 07:00:00 to 2022-06-05 07:00:00,2022-06-06 07:00:00 to 2022-06-08 07:00:00,25,0.028,1,-1.214153549848252,2.592332229916956,0.0,215.45344305038452,493
223,2022-05-25 07:00:00 to 2022-06-08 07:00:00,2022-06-09 07:00:00 to 2022-06-11 07:00:00,105,0.042,2,1.3944887082693096,1.7848439055548408,50.0,216.66512513160703,494
224,2022-05-28 07:00:00 to 2022-06-11 07:00:00,2022-06-12 07:00:00 to 2022-06-14 07:00:00,110,0.08,2,0.142029455080683,8.47322675327608,50.0,213.65115594863892,495
225,2022-05-31 07:00:00 to 2022-06-14 07:00:00,2022-06-15 07:00:00 to 2022-06-17 07:00:00,20,0.052,0,0.0,0.0,0.0,218.5719919204712,497
226,2022-06-03 07:00:00 to 2022-06-17 07:00:00,2022-06-18 07:00:00 to 2022-06-20 07:00:00,20,0.052,0,0.0,0.0,0.0,217.97990226745603,499
227,2022-06-06 07:00:00 to 2022-06-20 07:00:00,2022-06-21 07:00:00 to 2022-06-23 07:00:00,20,0.052,0,0.0,0.0,0.0,220.21494102478027,500
228,2022-06-09 07:00:00 to 2022-06-23 07:00:00,2022-06-24 07:00:00 to 2022-06-26 07:00:00,20,0.052,0,0.0,0.0,0.0,224.61966276168823,501
229,2022-06-12 07:00:00 to 2022-06-26 07:00:00,2022-06-27 07:00:00 to 2022-06-29 07:00:00,125,0.022,4,4.588790588831907,4.102552984589393,75.0,220.56876420974731,503
230,2022-06-15 07:00:00 to 2022-06-29 07:00:00,2022-06-30 07:00:00 to 2022-07-02 07:00:00,160,0.022,3,0.0122916006417472,10.63877658926611,66.66666666666666,214.6513819694519,505
231,2022-06-18 07:00:00 to 2022-07-02 07:00:00,2022-07-03 07:00:00 to 2022-07-05 07:00:00,55,0.02,3,2.8370669536546487,1.1855859941722695,100.0,213.62551617622375,506
232,2022-06-21 07:00:00 to 2022-07-05 07:00:00,2022-07-06 07:00:00 to 2022-07-08 07:00:00,60,0.02,0,0.0,0.0,0.0,216.22259521484375,507
233,2022-06-24 07:00:00 to 2022-07-08 07:00:00,2022-07-09 07:00:00 to 2022-07-11 07:00:00,80,0.02,1,-6.402849039495486,6.619259543381899,0.0,210.3312931060791,509
234,2022-06-27 07:00:00 to 2022-07-11 07:00:00,2022-07-12 07:00:00 to 2022-07-14 07:00:00,50,0.022,3,3.3462260531288845,1.5112162199472376,100.0,212.9328489303589,511
235,2022-06-30 07:00:00 to 2022-07-14 07:00:00,2022-07-15 07:00:00 to 2022-07-17 07:00:00,40,0.02,1,0.9187715039577962,0.4908628685696318,100.0,208.14352679252625,512
236,2022-07-03 07:00:00 to 2022-07-17 07:00:00,2022-07-18 07:00:00 to 2022-07-20 07:00:00,35,0.02,3,3.1306599225759055,0.8471969988388537,100.0,208.4239981174469,513
237,2022-07-06 07:00:00 to 2022-07-20 07:00:00,2022-07-21 07:00:00 to 2022-07-23 07:00:00,30,0.02,2,1.91223246751746,1.9952807312520335,100.0,209.92671394348145,515
238,2022-07-09 07:00:00 to 2022-07-23 07:00:00,2022-07-24 07:00:00 to 2022-07-26 07:00:00,30,0.022,2,0.3089878457083614,0.7692346513135642,100.0,206.5909926891327,517
239,2022-07-12 07:00:00 to 2022-07-26 07:00:00,2022-07-27 07:00:00 to 2022-07-29 07:00:00,30,0.02,1,0.3949819193323856,0.7408563987933277,100.0,209.02431631088257,518
240,2022-07-15 07:00:00 to 2022-07-29 07:00:00,2022-07-30 07:00:00 to 2022-08-01 07:00:00,30,0.02,2,2.418246995196532,1.3762899747175106,50.0,208.47659277915955,519
241,2022-07-18 07:00:00 to 2022-08-01 07:00:00,2022-08-02 07:00:00 to 2022-08-04 07:00:00,270,0.022,2,6.2977126148221405,1.3860812811761571,100.0,213.28113794326785,521
242,2022-07-21 07:00:00 to 2022-08-04 07:00:00,2022-08-05 07:00:00 to 2022-08-07 07:00:00,160,0.03,0,0.0,0.0,0.0,211.70578408241272,523
243,2022-07-24 07:00:00 to 2022-08-07 07:00:00,2022-08-08 07:00:00 to 2022-08-10 07:00:00,225,0.02,1,0.0773312761939814,0.8843046101413893,0.0,207.79197692871097,524
244,2022-07-27 07:00:00 to 2022-08-10 07:00:00,2022-08-11 07:00:00 to 2022-08-13 07:00:00,115,0.02,1,0.3432244624855047,1.213417916072964,100.0,208.27111792564392,525
245,2022-07-30 07:00:00 to 2022-08-13 07:00:00,2022-08-14 07:00:00 to 2022-08-16 07:00:00,85,0.022,2,1.342704660997606,0.5904592051996687,50.0,209.63457798957825,527
246,2022-08-02 07:00:00 to 2022-08-16 07:00:00,2022-08-17 07:00:00 to 2022-08-19 07:00:00,70,0.022,2,-7.974867716754125,8.714639458133982,0.0,205.14887809753415,529
247,2022-08-05 07:00:00 to 2022-08-19 07:00:00,2022-08-20 07:00:00 to 2022-08-22 07:00:00,130,0.03,2,2.3859909586441064,0.746212113192587,100.0,207.3370008468628,530
248,2022-08-08 07:00:00 to 2022-08-22 07:00:00,2022-08-23 07:00:00 to 2022-08-25 07:00:00,140,0.026,1,1.4466138223176497,0.4915628315725756,100.0,211.06773567199707,531
249,2022-08-11 07:00:00 to 2022-08-25 07:00:00,2022-08-26 07:00:00 to 2022-08-28 07:00:00,140,0.026,2,-3.596414684670235,7.024131801804795,50.0,214.30988097190857,533
250,2022-08-14 07:00:00 to 2022-08-28 07:00:00,2022-08-29 07:00:00 to 2022-08-31 07:00:00,150,0.034,0,0.0,0.0,0.0,214.4909930229187,535
251,2022-08-17 07:00:00 to 2022-08-31 07:00:00,2022-09-01 07:00:00 to 2022-09-03 07:00:00,260,0.056,0,0.0,0.0,0.0,214.03726077079773,536
252,2022-08-20 07:00:00 to 2022-09-03 07:00:00,2022-09-04 07:00:00 to 2022-09-06 07:00:00,200,0.02,1,0.304429652583276,0.6719242893200482,100.0,210.822252035141,537
253,2022-08-23 07:00:00 to 2022-09-06 07:00:00,2022-09-07 07:00:00 to 2022-09-09 07:00:00,295,0.05,1,2.620758892243066,1.2977956674990587,100.0,208.33174204826355,539
254,2022-08-26 07:00:00 to 2022-09-09 07:00:00,2022-09-10 07:00:00 to 2022-09-12 07:00:00,200,0.022,1,1.447453191489367,0.923379723438178,100.0,210.9433710575104,541
255,2022-08-29 07:00:00 to 2022-09-12 07:00:00,2022-09-13 07:00:00 to 2022-09-15 07:00:00,245,0.02,1,-4.1827244741341385,7.580089357491156,0.0,211.00871300697327,542
256,2022-09-01 07:00:00 to 2022-09-15 07:00:00,2022-09-16 07:00:00 to 2022-09-18 07:00:00,240,0.048,0,0.0,0.0,0.0,208.59916400909424,543
257,2022-09-04 07:00:00 to 2022-09-18 07:00:00,2022-09-19 07:00:00 to 2022-09-21 07:00:00,270,0.02,3,4.92697991288016,4.032047895578822,66.66666666666666,207.3285210132599,545
258,2022-09-07 07:00:00 to 2022-09-21 07:00:00,2022-09-22 07:00:00 to 2022-09-24 07:00:00,275,0.02,1,1.7030210746685408,0.2041276210505423,100.0,209.46267080307007,547
259,2022-09-10 07:00:00 to 2022-09-24 07:00:00,2022-09-25 07:00:00 to 2022-09-27 07:00:00,275,0.02,1,0.8888529472329537,3.978805468120093,100.0,210.5077042579651,548
260,2022-09-13 07:00:00 to 2022-09-27 07:00:00,2022-09-28 07:00:00 to 2022-09-30 07:00:00,275,0.022,0,0.0,0.0,0.0,211.1264021396637,549
261,2022-09-16 07:00:00 to 2022-09-30 07:00:00,2022-10-01 07:00:00 to 2022-10-03 07:00:00,285,0.02,1,-1.233479062707247,3.169113664141813,0.0,211.60659217834473,551
262,2022-09-19 07:00:00 to 2022-10-03 07:00:00,2022-10-04 07:00:00 to 2022-10-06 07:00:00,140,0.02,1,1.0560844185589848,0.41214014777073,100.0,210.1585431098938,553
263,2022-09-22 07:00:00 to 2022-10-06 07:00:00,2022-10-07 07:00:00 to 2022-10-09 07:00:00,110,0.022,1,0.876264320730661,0.4057446919056647,100.0,205.78725290298465,554
264,2022-09-25 07:00:00 to 2022-10-09 07:00:00,2022-10-10 07:00:00 to 2022-10-12 07:00:00,140,0.02,1,-0.3119133746644184,2.027460888972638,0.0,206.97957396507263,555
265,2022-09-28 07:00:00 to 2022-10-12 07:00:00,2022-10-13 07:00:00 to 2022-10-15 07:00:00,80,0.02,2,-0.128508709638645,4.081661821620838,0.0,203.33526611328125,557
266,2022-10-01 07:00:00 to 2022-10-15 07:00:00,2022-10-16 07:00:00 to 2022-10-18 07:00:00,125,0.026,0,0.0,0.0,0.0,206.7070260047913,559
267,2022-10-04 07:00:00 to 2022-10-18 07:00:00,2022-10-19 07:00:00 to 2022-10-21 07:00:00,125,0.026,2,1.281554626103334,0.44397293712833,50.0,206.22512793540955,560
268,2022-10-07 07:00:00 to 2022-10-21 07:00:00,2022-10-22 07:00:00 to 2022-10-24 07:00:00,150,0.03,0,0.0,0.0,0.0,208.851509809494,561
269,2022-10-10 07:00:00 to 2022-10-24 07:00:00,2022-10-25 07:00:00 to 2022-10-27 07:00:00,300,0.032,0,0.0,0.0,0.0,206.00157523155212,563
270,2022-10-13 07:00:00 to 2022-10-27 07:00:00,2022-10-28 07:00:00 to 2022-10-30 07:00:00,245,0.02,2,3.7891946457022825,2.085360651912876,100.0,204.6928858757019,565
271,2022-10-16 07:00:00 to 2022-10-30 07:00:00,2022-10-31 07:00:00 to 2022-11-02 07:00:00,270,0.02,1,-2.813926809442528,3.794120146641525,0.0,205.92667984962463,566
272,2022-10-19 07:00:00 to 2022-11-02 07:00:00,2022-11-03 07:00:00 to 2022-11-05 07:00:00,160,0.034,0,0.0,0.0,0.0,206.95953702926636,567
273,2022-10-22 07:00:00 to 2022-11-05 07:00:00,2022-11-06 07:00:00 to 2022-11-08 07:00:00,290,0.02,1,-9.343592113622034,12.2331415538279,0.0,203.853951215744,569
274,2022-10-25 07:00:00 to 2022-11-08 07:00:00,2022-11-09 07:00:00 to 2022-11-11 07:00:00,80,0.05,1,-16.507183475624714,24.758444278595675,0.0,206.23781085014343,571
275,2022-10-28 07:00:00 to 2022-11-11 07:00:00,2022-11-12 07:00:00 to 2022-11-14 07:00:00,15,0.068,0,0.0,0.0,0.0,206.16795897483823,572
276,2022-10-31 07:00:00 to 2022-11-14 07:00:00,2022-11-15 07:00:00 to 2022-11-17 07:00:00,15,0.068,0,0.0,0.0,0.0,210.69604086875916,573
277,2022-11-03 07:00:00 to 2022-11-17 07:00:00,2022-11-18 07:00:00 to 2022-11-20 07:00:00,15,0.068,0,0.0,0.0,0.0,216.38949608802795,575
278,2022-11-06 07:00:00 to 2022-11-20 07:00:00,2022-11-21 07:00:00 to 2022-11-23 07:00:00,300,0.046,1,6.089749820511133,1.8233164894113325,100.0,217.37528920173645,577
279,2022-11-09 07:00:00 to 2022-11-23 07:00:00,2022-11-24 07:00:00 to 2022-11-26 07:00:00,60,0.022,3,2.289782141191463,2.0844198146416493,100.0,215.71297907829285,578
280,2022-11-12 07:00:00 to 2022-11-26 07:00:00,2022-11-27 07:00:00 to 2022-11-29 07:00:00,75,0.038,1,1.1789721224135792,0.5240706546589066,100.0,212.7885811328888,579
281,2022-11-15 07:00:00 to 2022-11-29 07:00:00,2022-11-30 07:00:00 to 2022-12-02 07:00:00,215,0.054,0,0.0,0.0,0.0,208.2773208618164,581
282,2022-11-18 07:00:00 to 2022-12-02 07:00:00,2022-12-03 07:00:00 to 2022-12-05 07:00:00,75,0.024,1,1.002418201997789,0.3778534706911926,100.0,212.61743998527527,583
283,2022-11-21 07:00:00 to 2022-12-05 07:00:00,2022-12-06 07:00:00 to 2022-12-08 07:00:00,75,0.024,1,-5.920493571807874,8.408680892084911,0.0,204.19615507125857,584
284,2022-11-24 07:00:00 to 2022-12-08 07:00:00,2022-12-09 07:00:00 to 2022-12-11 07:00:00,300,0.05,0,0.0,0.0,0.0,208.61928987503052,585
285,2022-11-27 07:00:00 to 2022-12-11 07:00:00,2022-12-12 07:00:00 to 2022-12-14 07:00:00,300,0.05,1,1.6629571618197223,1.3662490734807062,100.0,202.92620205879211,587
286,2022-11-30 07:00:00 to 2022-12-14 07:00:00,2022-12-15 07:00:00 to 2022-12-17 07:00:00,300,0.05,1,-5.621822932261366,8.036881762671783,0.0,203.87805795669556,589
287,2022-12-03 07:00:00 to 2022-12-17 07:00:00,2022-12-18 07:00:00 to 2022-12-20 07:00:00,40,0.052,0,0.0,0.0,0.0,208.16277408599856,590
288,2022-12-06 07:00:00 to 2022-12-20 07:00:00,2022-12-21 07:00:00 to 2022-12-23 07:00:00,40,0.052,0,0.0,0.0,0.0,207.23816108703613,591
289,2022-12-09 07:00:00 to 2022-12-23 07:00:00,2022-12-24 07:00:00 to 2022-12-26 07:00:00,40,0.052,0,0.0,0.0,0.0,209.9165952205658,593
290,2022-12-12 07:00:00 to 2022-12-26 07:00:00,2022-12-27 07:00:00 to 2022-12-29 07:00:00,40,0.052,0,0.0,0.0,0.0,211.5753118991852,595
291,2022-12-15 07:00:00 to 2022-12-29 07:00:00,2022-12-30 07:00:00 to 2023-01-01 07:00:00,235,0.022,1,-12.543115882276998,12.913350853850076,0.0,211.4951288700104,596
292,2022-12-18 07:00:00 to 2023-01-01 07:00:00,2023-01-02 07:00:00 to 2023-01-04 07:00:00,45,0.02,2,2.3076177833445763,0.4963374300414506,100.0,208.3801567554474,597
293,2022-12-21 07:00:00 to 2023-01-04 07:00:00,2023-01-05 07:00:00 to 2023-01-07 07:00:00,40,0.026,0,0.0,0.0,0.0,206.3621289730072,599
294,2022-12-24 07:00:00 to 2023-01-07 07:00:00,2023-01-08 07:00:00 to 2023-01-10 07:00:00,40,0.026,1,0.9092601299958551,0.3959171810542841,0.0,205.26604223251343,601
295,2022-12-27 07:00:00 to 2023-01-10 07:00:00,2023-01-11 07:00:00 to 2023-01-13 07:00:00,40,0.026,3,2.386165375768378,0.9745185308077736,100.0,205.16833305358887,602
296,2022-12-30 07:00:00 to 2023-01-13 07:00:00,2023-01-14 07:00:00 to 2023-01-16 07:00:00,270,0.02,0,0.0,0.0,0.0,203.85949897766113,603
297,2023-01-02 07:00:00 to 2023-01-16 07:00:00,2023-01-17 07:00:00 to 2023-01-19 07:00:00,50,0.02,2,8.065573093469556,1.3802813848558035,100.0,202.39371609687805,605
298,2023-01-05 07:00:00 to 2023-01-19 07:00:00,2023-01-20 07:00:00 to 2023-01-22 07:00:00,55,0.02,4,4.638614631332221,0.8013198888653015,75.0,203.870090007782,607
299,2023-01-08 07:00:00 to 2023-01-22 07:00:00,2023-01-23 07:00:00 to 2023-01-25 07:00:00,50,0.02,3,-0.486056263734099,5.593241235892001,66.66666666666666,205.0487220287323,608
300,2023-01-11 07:00:00 to 2023-01-25 07:00:00,2023-01-26 07:00:00 to 2023-01-28 07:00:00,55,0.02,1,1.430821363059822,1.1777333072781857,100.0,205.53173089027405,609
301,2023-01-14 07:00:00 to 2023-01-28 07:00:00,2023-01-29 07:00:00 to 2023-01-31 07:00:00,50,0.02,2,0.1804906996805038,2.761344206421229,0.0,208.47118997573853,611
302,2023-01-17 07:00:00 to 2023-01-31 07:00:00,2023-02-01 07:00:00 to 2023-02-03 07:00:00,50,0.024,2,1.474960400235541,2.9497699796560526,100.0,211.45201086997983,613
303,2023-01-20 07:00:00 to 2023-02-03 07:00:00,2023-02-04 07:00:00 to 2023-02-06 07:00:00,295,0.032,1,-1.0514894133592496,2.9522591459177216,0.0,210.8057198524475,614
304,2023-01-23 07:00:00 to 2023-02-06 07:00:00,2023-02-07 07:00:00 to 2023-02-09 07:00:00,165,0.032,1,-0.3666967781402854,1.0457342985318243,0.0,213.21136212348935,615
305,2023-01-26 07:00:00 to 2023-02-09 07:00:00,2023-02-10 07:00:00 to 2023-02-12 07:00:00,270,0.068,1,0.1780487676962548,5.55097768458751,0.0,208.926424741745,617
306,2023-01-29 07:00:00 to 2023-02-12 07:00:00,2023-02-13 07:00:00 to 2023-02-15 07:00:00,295,0.07,0,0.0,0.0,0.0,213.0942029953003,619
307,2023-02-01 07:00:00 to 2023-02-15 07:00:00,2023-02-16 07:00:00 to 2023-02-18 07:00:00,40,0.022,1,0.6103698458209511,2.7644196043481597,100.0,209.62183690071103,620
308,2023-02-04 07:00:00 to 2023-02-18 07:00:00,2023-02-19 07:00:00 to 2023-02-21 07:00:00,270,0.02,0,0.0,0.0,0.0,211.4992189407349,621
309,2023-02-07 07:00:00 to 2023-02-21 07:00:00,2023-02-22 07:00:00 to 2023-02-24 07:00:00,265,0.02,1,-0.5499964506911965,5.701067257799955,0.0,212.98774003982544,623
310,2023-02-10 07:00:00 to 2023-02-24 07:00:00,2023-02-25 07:00:00 to 2023-02-27 07:00:00,50,0.028,1,1.2783262969588578,0.3104429851546459,100.0,209.19420528411865,625
311,2023-02-13 07:00:00 to 2023-02-27 07:00:00,2023-02-28 07:00:00 to 2023-03-02 07:00:00,50,0.028,0,0.0,0.0,0.0,208.07209491729736,626
312,2023-02-16 07:00:00 to 2023-03-02 07:00:00,2023-03-03 07:00:00 to 2023-03-05 07:00:00,50,0.028,2,1.046211417484337,3.521433892259174,50.0,210.2480959892273,627
313,2023-02-19 07:00:00 to 2023-03-05 07:00:00,2023-03-06 07:00:00 to 2023-03-08 07:00:00,50,0.028,0,0.0,0.0,0.0,214.19091296195984,629
314,2023-02-22 07:00:00 to 2023-03-08 07:00:00,2023-03-09 07:00:00 to 2023-03-11 07:00:00,65,0.02,1,2.253397383709744,1.983245732228188,100.0,208.41546320915225,631
315,2023-02-25 07:00:00 to 2023-03-11 07:00:00,2023-03-12 07:00:00 to 2023-03-14 07:00:00,55,0.026,0,0.0,0.0,0.0,208.86993408203125,632
316,2023-02-28 07:00:00 to 2023-03-14 07:00:00,2023-03-15 07:00:00 to 2023-03-17 07:00:00,270,0.022,2,-4.62743356832254,9.904212164665244,50.0,210.4376380443573,633
317,2023-03-03 07:00:00 to 2023-03-17 07:00:00,2023-03-18 07:00:00 to 2023-03-20 07:00:00,85,0.02,2,1.5268809018043248,3.345616440238465,50.0,206.40481805801392,635
318,2023-03-06 07:00:00 to 2023-03-20 07:00:00,2023-03-21 07:00:00 to 2023-03-23 07:00:00,85,0.024,2,-2.137677524952887,5.580975934270071,50.0,211.07671785354617,637
319,2023-03-09 07:00:00 to 2023-03-23 07:00:00,2023-03-24 07:00:00 to 2023-03-26 07:00:00,115,0.058,0,0.0,0.0,0.0,213.15849995613095,638
320,2023-03-12 07:00:00 to 2023-03-26 07:00:00,2023-03-27 07:00:00 to 2023-03-29 07:00:00,300,0.054,1,2.4854702476284367,1.0720778873086771,100.0,214.42922711372375,639
321,2023-03-15 07:00:00 to 2023-03-29 07:00:00,2023-03-30 07:00:00 to 2023-04-01 07:00:00,150,0.034,1,1.0046830110497285,0.327932821759053,100.0,217.11165499687195,641
322,2023-03-18 07:00:00 to 2023-04-01 07:00:00,2023-04-02 07:00:00 to 2023-04-04 07:00:00,285,0.044,1,1.7743575054387295,0.8919764951798878,100.0,214.28165817260745,643
323,2023-03-21 07:00:00 to 2023-04-04 07:00:00,2023-04-05 07:00:00 to 2023-04-07 07:00:00,150,0.032,0,0.0,0.0,0.0,208.5889678001404,644
324,2023-03-24 07:00:00 to 2023-04-07 07:00:00,2023-04-08 07:00:00 to 2023-04-10 07:00:00,110,0.02,1,0.2730964360586949,0.4451761580912032,100.0,205.78323197364807,645
325,2023-03-27 07:00:00 to 2023-04-10 07:00:00,2023-04-11 07:00:00 to 2023-04-13 07:00:00,205,0.024,1,1.2599516994633269,0.3110423346588811,0.0,200.4132730960846,647
326,2023-03-30 07:00:00 to 2023-04-13 07:00:00,2023-04-14 07:00:00 to 2023-04-16 07:00:00,285,0.024,0,0.0,0.0,0.0,201.1881868839264,649
327,2023-04-02 07:00:00 to 2023-04-16 07:00:00,2023-04-17 07:00:00 to 2023-04-19 07:00:00,175,0.022,1,0.7448010917030479,1.4384706453164582,100.0,202.4862825870514,650
328,2023-04-05 07:00:00 to 2023-04-19 07:00:00,2023-04-20 07:00:00 to 2023-04-22 07:00:00,185,0.02,1,-8.551647054583992,9.644158986715247,0.0,203.28962516784668,651
329,2023-04-08 07:00:00 to 2023-04-22 07:00:00,2023-04-23 07:00:00 to 2023-04-25 07:00:00,30,0.02,1,0.00541311134235,0.4030286906480738,0.0,209.85603141784668,653
330,2023-04-11 07:00:00 to 2023-04-25 07:00:00,2023-04-26 07:00:00 to 2023-04-28 07:00:00,30,0.02,2,0.9724608661318052,4.169883253596563,50.0,201.46155285835263,655
331,2023-04-14 07:00:00 to 2023-04-28 07:00:00,2023-04-29 07:00:00 to 2023-05-01 07:00:00,30,0.022,0,0.0,0.0,0.0,207.03187084198,656
332,2023-04-17 07:00:00 to 2023-05-01 07:00:00,2023-05-02 07:00:00 to 2023-05-04 07:00:00,30,0.034,0,0.0,0.0,0.0,209.2710227966309,657
333,2023-04-20 07:00:00 to 2023-05-04 07:00:00,2023-05-05 07:00:00 to 2023-05-07 07:00:00,145,0.02,1,-3.996815036578518,6.2520402126968655,0.0,205.31753420829773,659
334,2023-04-23 07:00:00 to 2023-05-07 07:00:00,2023-05-08 07:00:00 to 2023-05-10 07:00:00,145,0.02,1,4.239400310031433,0.798701500755286,100.0,208.88496685028076,661
335,2023-04-26 07:00:00 to 2023-05-10 07:00:00,2023-05-11 07:00:00 to 2023-05-13 07:00:00,295,0.068,0,0.0,0.0,0.0,207.66686367988584,662
336,2023-04-29 07:00:00 to 2023-05-13 07:00:00,2023-05-14 07:00:00 to 2023-05-16 07:00:00,135,0.02,1,0.7246972821319104,1.160629641388286,0.0,206.60181522369385,663
337,2023-05-02 07:00:00 to 2023-05-16 07:00:00,2023-05-17 07:00:00 to 2023-05-19 07:00:00,295,0.068,1,2.2988914174252204,1.7092377359084665,100.0,208.85390162467957,665
338,2023-05-05 07:00:00 to 2023-05-19 07:00:00,2023-05-20 07:00:00 to 2023-05-22 07:00:00,285,0.04,0,0.0,0.0,0.0,211.4505519866943,667
339,2023-05-08 07:00:00 to 2023-05-22 07:00:00,2023-05-23 07:00:00 to 2023-05-25 07:00:00,295,0.046,2,1.7063262493372529,0.9459906652796638,50.0,204.44178891181943,668
340,2023-05-11 07:00:00 to 2023-05-25 07:00:00,2023-05-26 07:00:00 to 2023-05-28 07:00:00,295,0.046,1,5.002134008856737,3.435885875022386,100.0,205.72079014778137,669
341,2023-05-14 07:00:00 to 2023-05-28 07:00:00,2023-05-29 07:00:00 to 2023-05-31 07:00:00,300,0.042,1,-1.7652480354996805,1.8047650588081037,0.0,209.04151725769043,671
342,2023-05-17 07:00:00 to 2023-05-31 07:00:00,2023-06-01 07:00:00 to 2023-06-03 07:00:00,60,0.03,0,0.0,0.0,0.0,205.73678994178772,673
343,2023-05-20 07:00:00 to 2023-06-03 07:00:00,2023-06-04 07:00:00 to 2023-06-06 07:00:00,60,0.03,1,2.9810759540363505,6.662504264943117,100.0,208.2788290977478,674
344,2023-05-23 07:00:00 to 2023-06-06 07:00:00,2023-06-07 07:00:00 to 2023-06-09 07:00:00,200,0.046,1,-5.416497476809545,6.277308353383269,0.0,209.69497990608215,675
345,2023-05-26 07:00:00 to 2023-06-09 07:00:00,2023-06-10 07:00:00 to 2023-06-12 07:00:00,125,0.078,1,2.5762891310787017,2.540955612899281,100.0,207.71838903427124,677
346,2023-05-29 07:00:00 to 2023-06-12 07:00:00,2023-06-13 07:00:00 to 2023-06-15 07:00:00,125,0.078,0,0.0,0.0,0.0,211.2739930152893,679
347,2023-06-01 07:00:00 to 2023-06-15 07:00:00,2023-06-16 07:00:00 to 2023-06-18 07:00:00,125,0.078,0,0.0,0.0,0.0,215.66553497314453,680
348,2023-06-04 07:00:00 to 2023-06-18 07:00:00,2023-06-19 07:00:00 to 2023-06-21 07:00:00,125,0.078,0,0.0,0.0,0.0,213.32804417610168,681
349,2023-06-07 07:00:00 to 2023-06-21 07:00:00,2023-06-22 07:00:00 to 2023-06-24 07:00:00,300,0.04,0,0.0,0.0,0.0,212.8466398715973,683
350,2023-06-10 07:00:00 to 2023-06-24 07:00:00,2023-06-25 07:00:00 to 2023-06-27 07:00:00,225,0.022,1,-5.189487802775821,7.214626457281982,0.0,205.32064604759216,685
351,2023-06-13 07:00:00 to 2023-06-27 07:00:00,2023-06-28 07:00:00 to 2023-06-30 07:00:00,55,0.024,3,1.03861454953716,3.0819439848770234,66.66666666666666,209.22229194641113,686
352,2023-06-16 07:00:00 to 2023-06-30 07:00:00,2023-07-01 07:00:00 to 2023-07-03 07:00:00,55,0.024,1,1.2868574814176463,0.4938585171914958,100.0,205.88939595222473,687
353,2023-06-19 07:00:00 to 2023-07-03 07:00:00,2023-07-04 07:00:00 to 2023-07-06 07:00:00,55,0.024,1,0.6510358180058028,0.3658722034196952,100.0,210.0249319076538,689
354,2023-06-22 07:00:00 to 2023-07-06 07:00:00,2023-07-07 07:00:00 to 2023-07-09 07:00:00,55,0.024,1,0.3938887923544826,0.5542984158726076,100.0,210.80970907211304,691
355,2023-06-25 07:00:00 to 2023-07-09 07:00:00,2023-07-10 07:00:00 to 2023-07-12 07:00:00,300,0.02,1,1.606250849687549,0.0183607919107646,100.0,210.6507546901703,692
356,2023-06-28 07:00:00 to 2023-07-12 07:00:00,2023-07-13 07:00:00 to 2023-07-15 07:00:00,200,0.02,2,2.9127011809508985,2.7203897409495403,50.0,206.08616089820865,693
357,2023-07-01 07:00:00 to 2023-07-15 07:00:00,2023-07-16 07:00:00 to 2023-07-18 07:00:00,225,0.03,1,0.4357439370766951,0.92017544150441,100.0,207.3871808052063,695
358,2023-07-04 07:00:00 to 2023-07-18 07:00:00,2023-07-19 07:00:00 to 2023-07-21 07:00:00,215,0.02,1,0.7626793969849496,0.5639730501934468,100.0,206.6225380897522,697
359,2023-07-07 07:00:00 to 2023-07-21 07:00:00,2023-07-22 07:00:00 to 2023-07-24 07:00:00,225,0.03,0,0.0,0.0,0.0,209.5616602897644,698
360,2023-07-10 07:00:00 to 2023-07-24 07:00:00,2023-07-25 07:00:00 to 2023-07-27 07:00:00,215,0.042,1,1.7512216371469551,0.6018466629819192,100.0,208.6473081111908,699
361,2023-07-13 07:00:00 to 2023-07-27 07:00:00,2023-07-28 07:00:00 to 2023-07-30 07:00:00,210,0.03,0,0.0,0.0,0.0,205.36717104911804,701
362,2023-07-16 07:00:00 to 2023-07-30 07:00:00,2023-07-31 07:00:00 to 2023-08-02 07:00:00,235,0.028,1,0.9132824805470408,0.658466684855252,100.0,203.16426992416385,703
363,2023-07-19 07:00:00 to 2023-08-02 07:00:00,2023-08-03 07:00:00 to 2023-08-05 07:00:00,295,0.03,1,0.6856324272311759,0.5195715100779256,0.0,202.16910099983215,704
364,2023-07-22 07:00:00 to 2023-08-05 07:00:00,2023-08-06 07:00:00 to 2023-08-08 07:00:00,280,0.02,1,0.5061517900931721,0.4220754992232811,0.0,205.66176295280457,705
365,2023-07-25 07:00:00 to 2023-08-08 07:00:00,2023-08-09 07:00:00 to 2023-08-11 07:00:00,120,0.02,0,0.0,0.0,0.0,203.5186538696289,707
366,2023-07-28 07:00:00 to 2023-08-11 07:00:00,2023-08-12 07:00:00 to 2023-08-14 07:00:00,255,0.02,0,0.0,0.0,0.0,202.38211822509768,709
367,2023-07-31 07:00:00 to 2023-08-14 07:00:00,2023-08-15 07:00:00 to 2023-08-17 07:00:00,140,0.02,1,-2.695253445987346,8.588596368111274,0.0,206.89999794960025,710
368,2023-08-03 07:00:00 to 2023-08-17 07:00:00,2023-08-18 07:00:00 to 2023-08-20 07:00:00,145,0.054,0,0.0,0.0,0.0,201.62728190422055,711
369,2023-08-06 07:00:00 to 2023-08-20 07:00:00,2023-08-21 07:00:00 to 2023-08-23 07:00:00,250,0.072,0,0.0,0.0,0.0,204.65891003608704,713
370,2023-08-09 07:00:00 to 2023-08-23 07:00:00,2023-08-24 07:00:00 to 2023-08-26 07:00:00,250,0.072,0,0.0,0.0,0.0,207.96064114570615,715
371,2023-08-12 07:00:00 to 2023-08-26 07:00:00,2023-08-27 07:00:00 to 2023-08-29 07:00:00,250,0.072,0,0.0,0.0,0.0,211.1915431022644,716
372,2023-08-15 07:00:00 to 2023-08-29 07:00:00,2023-08-30 07:00:00 to 2023-09-01 07:00:00,150,0.034,1,-0.3047111650485385,1.0388198075141934,0.0,213.78524494171145,717
373,2023-08-18 07:00:00 to 2023-09-01 07:00:00,2023-09-02 07:00:00 to 2023-09-04 07:00:00,160,0.03,0,0.0,0.0,0.0,204.4943060874939,719
374,2023-08-21 07:00:00 to 2023-09-04 07:00:00,2023-09-05 07:00:00 to 2023-09-07 07:00:00,140,0.02,0,0.0,0.0,0.0,202.2122688293457,721
375,2023-08-24 07:00:00 to 2023-09-07 07:00:00,2023-09-08 07:00:00 to 2023-09-10 07:00:00,120,0.028,0,0.0,0.0,0.0,204.2851450443268,722
376,2023-08-27 07:00:00 to 2023-09-10 07:00:00,2023-09-11 07:00:00 to 2023-09-13 07:00:00,95,0.024,1,0.8924509956494875,2.282507628872792,100.0,204.93064665794373,723
377,2023-08-30 07:00:00 to 2023-09-13 07:00:00,2023-09-14 07:00:00 to 2023-09-16 07:00:00,110,0.028,0,0.0,0.0,0.0,207.8456928730011,725
378,2023-09-02 07:00:00 to 2023-09-16 07:00:00,2023-09-17 07:00:00 to 2023-09-19 07:00:00,85,0.024,1,-2.209889446085308,5.39135429842419,0.0,202.0206558704376,727
379,2023-09-05 07:00:00 to 2023-09-19 07:00:00,2023-09-20 07:00:00 to 2023-09-22 07:00:00,285,0.064,0,0.0,0.0,0.0,205.81920218467712,728
380,2023-09-08 07:00:00 to 2023-09-22 07:00:00,2023-09-23 07:00:00 to 2023-09-25 07:00:00,285,0.064,0,0.0,0.0,0.0,207.2806179523468,729
381,2023-09-11 07:00:00 to 2023-09-25 07:00:00,2023-09-26 07:00:00 to 2023-09-28 07:00:00,220,0.022,1,0.4988170631665343,0.4041144302503262,0.0,205.1346790790558,731
382,2023-09-14 07:00:00 to 2023-09-28 07:00:00,2023-09-29 07:00:00 to 2023-10-01 07:00:00,220,0.022,0,0.0,0.0,0.0,205.81226706504825,733
383,2023-09-17 07:00:00 to 2023-10-01 07:00:00,2023-10-02 07:00:00 to 2023-10-04 07:00:00,210,0.022,1,-1.1688669693789595,2.7445282191724316,0.0,204.48452281951904,734
384,2023-09-20 07:00:00 to 2023-10-04 07:00:00,2023-10-05 07:00:00 to 2023-10-07 07:00:00,70,0.02,0,0.0,0.0,0.0,200.68260192871097,735
385,2023-09-23 07:00:00 to 2023-10-07 07:00:00,2023-10-08 07:00:00 to 2023-10-10 07:00:00,270,0.022,2,1.4525710179160525,2.9403841796503687,50.0,202.78372502326965,737
386,2023-09-26 07:00:00 to 2023-10-10 07:00:00,2023-10-11 07:00:00 to 2023-10-13 07:00:00,270,0.026,1,-0.3042792297111373,1.1810004314519662,0.0,203.7254149913788,739
387,2023-09-29 07:00:00 to 2023-10-13 07:00:00,2023-10-14 07:00:00 to 2023-10-16 07:00:00,210,0.028,0,0.0,0.0,0.0,203.6398630142212,740
388,2023-10-02 07:00:00 to 2023-10-16 07:00:00,2023-10-17 07:00:00 to 2023-10-19 07:00:00,210,0.026,1,-0.6785560314343093,1.7083239993714212,0.0,203.58644199371335,741
389,2023-10-05 07:00:00 to 2023-10-19 07:00:00,2023-10-20 07:00:00 to 2023-10-22 07:00:00,245,0.028,0,0.0,0.0,0.0,203.1155698299408,743
390,2023-10-08 07:00:00 to 2023-10-22 07:00:00,2023-10-23 07:00:00 to 2023-10-25 07:00:00,80,0.02,1,1.099250737463135,0.4824011296957289,100.0,203.14315819740295,745
391,2023-10-11 07:00:00 to 2023-10-25 07:00:00,2023-10-26 07:00:00 to 2023-10-28 07:00:00,30,0.026,0,0.0,0.0,0.0,200.91742610931396,746
392,2023-10-14 07:00:00 to 2023-10-28 07:00:00,2023-10-29 07:00:00 to 2023-10-31 07:00:00,80,0.02,0,0.0,0.0,0.0,199.9273591041565,747
393,2023-10-17 07:00:00 to 2023-10-31 07:00:00,2023-11-01 07:00:00 to 2023-11-03 07:00:00,165,0.026,2,1.3215920409226964,0.9403665591844464,50.0,204.0925121307373,749
394,2023-10-20 07:00:00 to 2023-11-03 07:00:00,2023-11-04 07:00:00 to 2023-11-06 07:00:00,250,0.02,0,0.0,0.0,0.0,199.19067215919495,751
395,2023-10-23 07:00:00 to 2023-11-06 07:00:00,2023-11-07 07:00:00 to 2023-11-09 07:00:00,250,0.02,0,0.0,0.0,0.0,204.02948188781735,752
396,2023-10-26 07:00:00 to 2023-11-09 07:00:00,2023-11-10 07:00:00 to 2023-11-12 07:00:00,200,0.024,0,0.0,0.0,0.0,204.11850905418396,753
397,2023-10-29 07:00:00 to 2023-11-12 07:00:00,2023-11-13 07:00:00 to 2023-11-15 07:00:00,225,0.02,3,5.050439376199429,3.3400607925002577,66.66666666666666,206.4553987979889,755
398,2023-11-01 07:00:00 to 2023-11-15 07:00:00,2023-11-16 07:00:00 to 2023-11-18 07:00:00,220,0.022,3,-2.1829382626574625,5.921147179929463,66.66666666666666,206.84836792945865,757
399,2023-11-04 07:00:00 to 2023-11-18 07:00:00,2023-11-19 07:00:00 to 2023-11-21 07:00:00,80,0.02,1,0.0886093708870612,1.0822634542581302,0.0,210.69399309158325,758
400,2023-11-07 07:00:00 to 2023-11-21 07:00:00,2023-11-22 07:00:00 to 2023-11-24 07:00:00,80,0.022,1,1.044691916336924,0.2832573306122943,100.0,211.36214590072632,759
401,2023-11-10 07:00:00 to 2023-11-24 07:00:00,2023-11-25 07:00:00 to 2023-11-27 07:00:00,80,0.022,1,0.1276357281553464,0.5963209613549203,0.0,210.44122886657715,761
402,2023-11-13 07:00:00 to 2023-11-27 07:00:00,2023-11-28 07:00:00 to 2023-11-30 07:00:00,80,0.022,1,1.002140103176771,0.4381176339681089,100.0,209.62430214881897,763
403,2023-11-16 07:00:00 to 2023-11-30 07:00:00,2023-12-01 07:00:00 to 2023-12-03 07:00:00,295,0.032,0,0.0,0.0,0.0,206.00705409049988,764
404,2023-11-19 07:00:00 to 2023-12-03 07:00:00,2023-12-04 07:00:00 to 2023-12-06 07:00:00,255,0.032,0,0.0,0.0,0.0,209.3264238834381,765
405,2023-11-22 07:00:00 to 2023-12-06 07:00:00,2023-12-07 07:00:00 to 2023-12-09 07:00:00,285,0.02,0,0.0,0.0,0.0,205.88871121406555,767
406,2023-11-25 07:00:00 to 2023-12-09 07:00:00,2023-12-10 07:00:00 to 2023-12-12 07:00:00,290,0.02,1,-6.141691400427862,10.31677294864324,0.0,204.0846152305603,769
407,2023-11-28 07:00:00 to 2023-12-12 07:00:00,2023-12-13 07:00:00 to 2023-12-15 07:00:00,50,0.02,1,0.15739462577214,2.169489190837405,100.0,206.97322583198547,770
408,2023-12-01 07:00:00 to 2023-12-15 07:00:00,2023-12-16 07:00:00 to 2023-12-18 07:00:00,60,0.024,1,-1.179928304086534,2.4146973781588885,0.0,206.1269428730011,771
409,2023-12-04 07:00:00 to 2023-12-18 07:00:00,2023-12-19 07:00:00 to 2023-12-21 07:00:00,240,0.056,0,0.0,0.0,0.0,209.0395140647888,773
410,2023-12-07 07:00:00 to 2023-12-21 07:00:00,2023-12-22 07:00:00 to 2023-12-24 07:00:00,205,0.064,0,0.0,0.0,0.0,209.1951899528503,775
411,2023-12-10 07:00:00 to 2023-12-24 07:00:00,2023-12-25 07:00:00 to 2023-12-27 07:00:00,145,0.02,1,1.5479557791296248,0.2514387382807817,100.0,208.6345191001892,776
412,2023-12-13 07:00:00 to 2023-12-27 07:00:00,2023-12-28 07:00:00 to 2023-12-30 07:00:00,145,0.022,1,-1.486069451687581,4.33796281783759,0.0,207.13224124908447,777
413,2023-12-16 07:00:00 to 2023-12-30 07:00:00,2023-12-31 07:00:00 to 2024-01-02 07:00:00,85,0.026,0,0.0,0.0,0.0,203.0922639369965,779
414,2023-12-19 07:00:00 to 2024-01-02 07:00:00,2024-01-03 07:00:00 to 2024-01-05 07:00:00,40,0.022,3,-0.8350574014851191,6.478540540540544,33.33333333333333,205.27903485298157,781
415,2023-12-22 07:00:00 to 2024-01-05 07:00:00,2024-01-06 07:00:00 to 2024-01-08 07:00:00,60,0.024,2,-3.744408741230291,8.338731051845288,50.0,207.66796374320984,782
416,2023-12-25 07:00:00 to 2024-01-08 07:00:00,2024-01-09 07:00:00 to 2024-01-11 07:00:00,30,0.03,1,0.9612404046002484,0.5331716268334973,100.0,211.40385675430295,783
417,2023-12-28 07:00:00 to 2024-01-11 07:00:00,2024-01-12 07:00:00 to 2024-01-14 07:00:00,75,0.022,1,0.5615405666578226,3.8322306061936064,100.0,212.26349401474,785
418,2023-12-31 07:00:00 to 2024-01-14 07:00:00,2024-01-15 07:00:00 to 2024-01-17 07:00:00,125,0.054,0,0.0,0.0,0.0,213.63216495513916,787
419,2024-01-03 07:00:00 to 2024-01-17 07:00:00,2024-01-18 07:00:00 to 2024-01-20 07:00:00,20,0.022,2,1.81939358138452,0.3307850753743589,100.0,212.16512799263,788
420,2024-01-06 07:00:00 to 2024-01-20 07:00:00,2024-01-21 07:00:00 to 2024-01-23 07:00:00,175,0.046,1,3.9553700433936863,0.919973142235948,100.0,208.53496408462524,789
421,2024-01-09 07:00:00 to 2024-01-23 07:00:00,2024-01-24 07:00:00 to 2024-01-26 07:00:00,30,0.02,0,0.0,0.0,0.0,205.1914200782776,791
422,2024-01-12 07:00:00 to 2024-01-26 07:00:00,2024-01-27 07:00:00 to 2024-01-29 07:00:00,60,0.024,1,0.7666914034839283,0.3669890209173962,100.0,204.4165599346161,793
423,2024-01-15 07:00:00 to 2024-01-29 07:00:00,2024-01-30 07:00:00 to 2024-02-01 07:00:00,300,0.054,0,0.0,0.0,0.0,211.4474229812622,794
424,2024-01-18 07:00:00 to 2024-02-01 07:00:00,2024-02-02 07:00:00 to 2024-02-04 07:00:00,115,0.03,0,0.0,0.0,0.0,202.96000218391416,795
425,2024-01-21 07:00:00 to 2024-02-04 07:00:00,2024-02-05 07:00:00 to 2024-02-07 07:00:00,130,0.03,0,0.0,0.0,0.0,207.01732087135315,797
426,2024-01-24 07:00:00 to 2024-02-07 07:00:00,2024-02-08 07:00:00 to 2024-02-10 07:00:00,85,0.02,0,0.0,0.0,0.0,201.105406999588,799
427,2024-01-27 07:00:00 to 2024-02-10 07:00:00,2024-02-11 07:00:00 to 2024-02-13 07:00:00,85,0.02,0,0.0,0.0,0.0,203.76767683029175,800
428,2024-01-30 07:00:00 to 2024-02-13 07:00:00,2024-02-14 07:00:00 to 2024-02-16 07:00:00,185,0.02,0,0.0,0.0,0.0,202.9482831954956,801
429,2024-02-02 07:00:00 to 2024-02-16 07:00:00,2024-02-17 07:00:00 to 2024-02-19 07:00:00,130,0.022,1,1.35337745327417,1.1957885581447227,100.0,199.2209830284119,803
430,2024-02-05 07:00:00 to 2024-02-19 07:00:00,2024-02-20 07:00:00 to 2024-02-22 07:00:00,200,0.02,3,3.2599201246035587,0.7913318703167066,100.0,204.25686597824097,805
431,2024-02-08 07:00:00 to 2024-02-22 07:00:00,2024-02-23 07:00:00 to 2024-02-25 07:00:00,185,0.02,0,0.0,0.0,0.0,204.1686568260193,806
432,2024-02-11 07:00:00 to 2024-02-25 07:00:00,2024-02-26 07:00:00 to 2024-02-28 07:00:00,100,0.02,1,1.1428466305189795,0.3297230599330403,100.0,201.98321175575256,807
433,2024-02-14 07:00:00 to 2024-02-28 07:00:00,2024-02-29 07:00:00 to 2024-03-02 07:00:00,100,0.02,1,1.206596685082877,0.2287854912323018,100.0,203.12056493759155,809
434,2024-02-17 07:00:00 to 2024-03-02 07:00:00,2024-03-03 07:00:00 to 2024-03-05 07:00:00,100,0.02,3,3.308973381893666,0.985506482362864,66.66666666666666,204.14135003089905,811
435,2024-02-20 07:00:00 to 2024-03-05 07:00:00,2024-03-06 07:00:00 to 2024-03-08 07:00:00,25,0.02,2,1.5050725138306733,0.8507113540137856,100.0,206.81416392326355,812
436,2024-02-23 07:00:00 to 2024-03-08 07:00:00,2024-03-09 07:00:00 to 2024-03-11 07:00:00,95,0.028,1,2.624589473684191,1.0678067772230544,100.0,205.54593586921692,813
437,2024-02-26 07:00:00 to 2024-03-11 07:00:00,2024-03-12 07:00:00 to 2024-03-14 07:00:00,110,0.02,1,1.864315542567656,3.140446710858008,100.0,211.50810313224792,815
438,2024-02-29 07:00:00 to 2024-03-14 07:00:00,2024-03-15 07:00:00 to 2024-03-17 07:00:00,260,0.028,1,-15.243980885284818,15.243980885284818,0.0,211.1681821346283,817
439,2024-03-03 07:00:00 to 2024-03-17 07:00:00,2024-03-18 07:00:00 to 2024-03-20 07:00:00,125,0.042,1,-2.432552351515769,8.976601629099367,0.0,216.41674494743347,818
440,2024-03-06 07:00:00 to 2024-03-20 07:00:00,2024-03-21 07:00:00 to 2024-03-23 07:00:00,95,0.044,1,0.7012504983388681,1.4446109162465632,100.0,214.9201261997223,819
441,2024-03-09 07:00:00 to 2024-03-23 07:00:00,2024-03-24 07:00:00 to 2024-03-26 07:00:00,115,0.044,0,0.0,0.0,0.0,214.1458978652954,821
442,2024-03-12 07:00:00 to 2024-03-26 07:00:00,2024-03-27 07:00:00 to 2024-03-29 07:00:00,85,0.046,0,0.0,0.0,0.0,214.29631519317627,823
443,2024-03-15 07:00:00 to 2024-03-29 07:00:00,2024-03-30 07:00:00 to 2024-04-01 07:00:00,195,0.026,0,0.0,0.0,0.0,212.4431390762329,824
444,2024-03-18 07:00:00 to 2024-04-01 07:00:00,2024-04-02 07:00:00 to 2024-04-04 07:00:00,80,0.02,2,-7.401889766927307,12.719781654021462,0.0,204.77193331718445,825
445,2024-03-21 07:00:00 to 2024-04-04 07:00:00,2024-04-05 07:00:00 to 2024-04-07 07:00:00,20,0.024,0,0.0,0.0,0.0,206.86816596984863,827
446,2024-03-24 07:00:00 to 2024-04-07 07:00:00,2024-04-08 07:00:00 to 2024-04-10 07:00:00,25,0.026,1,0.826228070175439,0.0339027273794847,100.0,205.1573190689087,829
447,2024-03-27 07:00:00 to 2024-04-10 07:00:00,2024-04-11 07:00:00 to 2024-04-13 07:00:00,25,0.026,3,-5.4072072359435515,8.585352794380226,66.66666666666666,208.36529779434204,830
448,2024-03-30 07:00:00 to 2024-04-13 07:00:00,2024-04-14 07:00:00 to 2024-04-16 07:00:00,25,0.076,0,0.0,0.0,0.0,212.66169500350952,831
449,2024-04-02 07:00:00 to 2024-04-16 07:00:00,2024-04-17 07:00:00 to 2024-04-19 07:00:00,25,0.076,0,0.0,0.0,0.0,207.40751123428345,833
450,2024-04-05 07:00:00 to 2024-04-19 07:00:00,2024-04-20 07:00:00 to 2024-04-22 07:00:00,25,0.076,0,0.0,0.0,0.0,211.72703289985657,835
451,2024-04-08 07:00:00 to 2024-04-22 07:00:00,2024-04-23 07:00:00 to 2024-04-25 07:00:00,25,0.076,0,0.0,0.0,0.0,210.2409110069275,836
452,2024-04-11 07:00:00 to 2024-04-25 07:00:00,2024-04-26 07:00:00 to 2024-04-28 07:00:00,250,0.026,1,-0.3352508086060152,4.622843707172146,0.0,210.52961206436157,837
453,2024-04-14 07:00:00 to 2024-04-28 07:00:00,2024-04-29 07:00:00 to 2024-05-01 07:00:00,105,0.024,2,-3.2300841988267717,4.498762215760753,50.0,203.46599698066711,839
454,2024-04-17 07:00:00 to 2024-05-01 07:00:00,2024-05-02 07:00:00 to 2024-05-04 07:00:00,130,0.046,0,0.0,0.0,0.0,201.695659160614,841
455,2024-04-20 07:00:00 to 2024-05-04 07:00:00,2024-05-05 07:00:00 to 2024-05-07 07:00:00,125,0.046,0,0.0,0.0,0.0,207.55912494659424,842
456,2024-04-23 07:00:00 to 2024-05-07 07:00:00,2024-05-08 07:00:00 to 2024-05-10 07:00:00,300,0.058,0,0.0,0.0,0.0,211.3130888938904,843
457,2024-04-26 07:00:00 to 2024-05-10 07:00:00,2024-05-11 07:00:00 to 2024-05-13 07:00:00,125,0.046,0,0.0,0.0,0.0,209.34244203567505,845
458,2024-04-29 07:00:00 to 2024-05-13 07:00:00,2024-05-14 07:00:00 to 2024-05-16 07:00:00,195,0.026,0,0.0,0.0,0.0,204.4216310977936,847
459,2024-05-02 07:00:00 to 2024-05-16 07:00:00,2024-05-17 07:00:00 to 2024-05-19 07:00:00,185,0.024,0,0.0,0.0,0.0,202.27036333084104,848
460,2024-05-05 07:00:00 to 2024-05-19 07:00:00,2024-05-20 07:00:00 to 2024-05-22 07:00:00,175,0.024,0,0.0,0.0,0.0,205.37234377861023,849
461,2024-05-08 07:00:00 to 2024-05-22 07:00:00,2024-05-23 07:00:00 to 2024-05-25 07:00:00,105,0.02,2,0.6744566216263774,4.519722536157985,50.0,202.02485513687137,851
462,2024-05-11 07:00:00 to 2024-05-25 07:00:00,2024-05-26 07:00:00 to 2024-05-28 07:00:00,185,0.02,0,0.0,0.0,0.0,205.51598596572876,853
463,2024-05-14 07:00:00 to 2024-05-28 07:00:00,2024-05-29 07:00:00 to 2024-05-31 07:00:00,295,0.03,0,0.0,0.0,0.0,202.59204006195068,854
464,2024-05-17 07:00:00 to 2024-05-31 07:00:00,2024-06-01 07:00:00 to 2024-06-03 07:00:00,295,0.034,1,1.1095986498925958,0.5966326364885711,100.0,205.54611206054688,855
465,2024-05-20 07:00:00 to 2024-06-03 07:00:00,2024-06-04 07:00:00 to 2024-06-06 07:00:00,295,0.022,0,0.0,0.0,0.0,207.74861478805545,857
466,2024-05-23 07:00:00 to 2024-06-06 07:00:00,2024-06-07 07:00:00 to 2024-06-09 07:00:00,45,0.02,2,0.3442221967902878,5.814512258840808,50.0,202.7414231300354,859
467,2024-05-26 07:00:00 to 2024-06-09 07:00:00,2024-06-10 07:00:00 to 2024-06-12 07:00:00,295,0.022,2,-3.5072741503055656,6.092594164756256,50.0,203.49528431892395,860
468,2024-05-29 07:00:00 to 2024-06-12 07:00:00,2024-06-13 07:00:00 to 2024-06-15 07:00:00,300,0.046,1,-0.6440236715192077,4.777949410850338,0.0,206.93330597877505,861
469,2024-06-01 07:00:00 to 2024-06-15 07:00:00,2024-06-16 07:00:00 to 2024-06-18 07:00:00,220,0.044,1,-9.671482860534052,14.083323900329365,0.0,207.67465209960935,863
470,2024-06-04 07:00:00 to 2024-06-18 07:00:00,2024-06-19 07:00:00 to 2024-06-21 07:00:00,40,0.066,0,0.0,0.0,0.0,211.45339393615723,865
471,2024-06-07 07:00:00 to 2024-06-21 07:00:00,2024-06-22 07:00:00 to 2024-06-24 07:00:00,300,0.072,0,0.0,0.0,0.0,211.0811288356781,866
472,2024-06-10 07:00:00 to 2024-06-24 07:00:00,2024-06-25 07:00:00 to 2024-06-27 07:00:00,300,0.08,0,0.0,0.0,0.0,210.6873998641968,867
473,2024-06-13 07:00:00 to 2024-06-27 07:00:00,2024-06-28 07:00:00 to 2024-06-30 07:00:00,300,0.08,0,0.0,0.0,0.0,211.3934390544891,869
474,2024-06-16 07:00:00 to 2024-06-30 07:00:00,2024-07-01 07:00:00 to 2024-07-03 07:00:00,240,0.026,1,0.1848031309297948,0.3620024013772434,0.0,211.23613595962524,871
475,2024-06-19 07:00:00 to 2024-07-03 07:00:00,2024-07-04 07:00:00 to 2024-07-06 07:00:00,190,0.024,1,-10.109850042173694,18.668254947815395,0.0,207.7637629508972,872
476,2024-06-22 07:00:00 to 2024-07-06 07:00:00,2024-07-07 07:00:00 to 2024-07-09 07:00:00,130,0.08,0,0.0,0.0,0.0,211.0777711868286,873
477,2024-06-25 07:00:00 to 2024-07-09 07:00:00,2024-07-10 07:00:00 to 2024-07-12 07:00:00,130,0.08,0,0.0,0.0,0.0,209.5298912525177,875
478,2024-06-28 07:00:00 to 2024-07-12 07:00:00,2024-07-13 07:00:00 to 2024-07-15 07:00:00,130,0.08,0,0.0,0.0,0.0,210.395623922348,877
479,2024-07-01 07:00:00 to 2024-07-15 07:00:00,2024-07-16 07:00:00 to 2024-07-18 07:00:00,130,0.08,0,0.0,0.0,0.0,212.0747001171112,878
480,2024-07-04 07:00:00 to 2024-07-18 07:00:00,2024-07-19 07:00:00 to 2024-07-21 07:00:00,105,0.026,0,0.0,0.0,0.0,207.82917404174805,879
481,2024-07-07 07:00:00 to 2024-07-21 07:00:00,2024-07-22 07:00:00 to 2024-07-24 07:00:00,75,0.02,1,1.7234663048389485,1.6789567024104222,100.0,202.268639087677,881
482,2024-07-10 07:00:00 to 2024-07-24 07:00:00,2024-07-25 07:00:00 to 2024-07-27 07:00:00,190,0.02,1,-0.2363227589290363,3.8415038410776736,0.0,203.43050289154053,883
483,2024-07-13 07:00:00 to 2024-07-27 07:00:00,2024-07-28 07:00:00 to 2024-07-30 07:00:00,195,0.02,2,1.8734777080328056,0.6487339277430909,100.0,204.99360513687137,884
484,2024-07-16 07:00:00 to 2024-07-30 07:00:00,2024-07-31 07:00:00 to 2024-08-02 07:00:00,195,0.02,2,-3.513251226015382,9.05424614753158,50.0,205.5576069355011,885
485,2024-07-19 07:00:00 to 2024-08-02 07:00:00,2024-08-03 07:00:00 to 2024-08-05 07:00:00,125,0.034,1,-22.030058614826075,25.466812369431985,0.0,208.33425879478455,887
486,2024-07-22 07:00:00 to 2024-08-05 07:00:00,2024-08-06 07:00:00 to 2024-08-08 07:00:00,10,0.02,1,0.4228561713702948,0.5175526807740457,100.0,209.40149188041687,889
487,2024-07-25 07:00:00 to 2024-08-08 07:00:00,2024-08-09 07:00:00 to 2024-08-11 07:00:00,10,0.02,0,0.0,0.0,0.0,210.36493706703183,890
488,2024-07-28 07:00:00 to 2024-08-11 07:00:00,2024-08-12 07:00:00 to 2024-08-14 07:00:00,10,0.02,0,0.0,0.0,0.0,213.9696519374847,891
489,2024-07-31 07:00:00 to 2024-08-14 07:00:00,2024-08-15 07:00:00 to 2024-08-17 07:00:00,10,0.02,1,0.6698306636155575,0.0035478640731464,100.0,212.56671905517575,893
490,2024-08-03 07:00:00 to 2024-08-17 07:00:00,2024-08-18 07:00:00 to 2024-08-20 07:00:00,215,0.032,0,0.0,0.0,0.0,211.2208650112152,895
491,2024-08-06 07:00:00 to 2024-08-20 07:00:00,2024-08-21 07:00:00 to 2024-08-23 07:00:00,160,0.026,0,0.0,0.0,0.0,206.0087389945984,896
492,2024-08-09 07:00:00 to 2024-08-23 07:00:00,2024-08-24 07:00:00 to 2024-08-26 07:00:00,285,0.02,0,0.0,0.0,0.0,207.61647510528564,897
493,2024-08-12 07:00:00 to 2024-08-26 07:00:00,2024-08-27 07:00:00 to 2024-08-29 07:00:00,85,0.02,2,-0.9388870892033446,8.705149194918375,50.0,204.1556589603424,899
494,2024-08-15 07:00:00 to 2024-08-29 07:00:00,2024-08-30 07:00:00 to 2024-09-01 07:00:00,70,0.034,1,1.5646112404389714,0.2236463017370369,100.0,207.17204666137695,901
495,2024-08-18 07:00:00 to 2024-09-01 07:00:00,2024-09-02 07:00:00 to 2024-09-04 07:00:00,70,0.034,1,0.277992122436317,2.2617127839525097,0.0,203.4494879245758,902
496,2024-08-21 07:00:00 to 2024-09-04 07:00:00,2024-09-05 07:00:00 to 2024-09-07 07:00:00,70,0.034,1,0.8819737609329603,1.3229502151294843,100.0,208.92566585540771,903
497,2024-08-24 07:00:00 to 2024-09-07 07:00:00,2024-09-08 07:00:00 to 2024-09-10 07:00:00,280,0.05,0,0.0,0.0,0.0,211.8693277835846,905
498,2024-08-27 07:00:00 to 2024-09-10 07:00:00,2024-09-11 07:00:00 to 2024-09-13 07:00:00,160,0.024,1,1.1999491180461337,0.410963138148893,100.0,210.7573308944702,907
499,2024-08-30 07:00:00 to 2024-09-13 07:00:00,2024-09-14 07:00:00 to 2024-09-16 07:00:00,255,0.026,1,0.3069344319674928,2.1942863292683987,0.0,208.10095596313477,908
500,2024-09-02 07:00:00 to 2024-09-16 07:00:00,2024-09-17 07:00:00 to 2024-09-19 07:00:00,135,0.028,0,0.0,0.0,0.0,209.59591913223267,909
501,2024-09-05 07:00:00 to 2024-09-19 07:00:00,2024-09-20 07:00:00 to 2024-09-22 07:00:00,65,0.022,1,-2.3638478094825586,5.295147407042076,0.0,204.3145191669464,911
502,2024-09-08 07:00:00 to 2024-09-22 07:00:00,2024-09-23 07:00:00 to 2024-09-25 07:00:00,210,0.03,0,0.0,0.0,0.0,206.2047519683838,913
503,2024-09-11 07:00:00 to 2024-09-25 07:00:00,2024-09-26 07:00:00 to 2024-09-28 07:00:00,210,0.03,0,0.0,0.0,0.0,206.8505859375,914
504,2024-09-14 07:00:00 to 2024-09-28 07:00:00,2024-09-29 07:00:00 to 2024-10-01 07:00:00,210,0.026,1,-0.7127251390589299,4.398470099247529,0.0,206.00642895698547,915
505,2024-09-17 07:00:00 to 2024-10-01 07:00:00,2024-10-02 07:00:00 to 2024-10-04 07:00:00,190,0.078,1,-0.0406022118770852,6.277956234539431,0.0,207.6215250492096,917
506,2024-09-20 07:00:00 to 2024-10-04 07:00:00,2024-10-05 07:00:00 to 2024-10-07 07:00:00,85,0.026,1,0.7613471882640807,0.5451966740361687,100.0,207.17653393745425,919
507,2024-09-23 07:00:00 to 2024-10-07 07:00:00,2024-10-08 07:00:00 to 2024-10-10 07:00:00,75,0.034,0,0.0,0.0,0.0,209.7095882892609,920
508,2024-09-26 07:00:00 to 2024-10-10 07:00:00,2024-10-11 07:00:00 to 2024-10-13 07:00:00,75,0.034,0,0.0,0.0,0.0,208.48843693733215,921
509,2024-09-29 07:00:00 to 2024-10-13 07:00:00,2024-10-14 07:00:00 to 2024-10-16 07:00:00,85,0.026,1,0.068377296407998,0.1723291980489625,0.0,210.13936114311215,923
510,2024-10-02 07:00:00 to 2024-10-16 07:00:00,2024-10-17 07:00:00 to 2024-10-19 07:00:00,120,0.024,1,1.2385253957613531,2.033981395277536,100.0,206.35905599594116,925
511,2024-10-05 07:00:00 to 2024-10-19 07:00:00,2024-10-20 07:00:00 to 2024-10-22 07:00:00,290,0.026,1,1.049885761589394,0.4562333985503188,0.0,206.1309690475464,926
512,2024-10-08 07:00:00 to 2024-10-22 07:00:00,2024-10-23 07:00:00 to 2024-10-25 07:00:00,235,0.022,1,-1.5651377672031774,5.258080563821655,0.0,209.61470484733584,927
513,2024-10-11 07:00:00 to 2024-10-25 07:00:00,2024-10-26 07:00:00 to 2024-10-28 07:00:00,100,0.026,2,3.4297181124513005,1.797922382219585,50.0,204.73799180984497,929
514,2024-10-14 07:00:00 to 2024-10-28 07:00:00,2024-10-29 07:00:00 to 2024-10-31 07:00:00,100,0.026,1,-0.5694975196965243,0.6820400992243553,0.0,208.08959794044495,931
515,2024-10-17 07:00:00 to 2024-10-31 07:00:00,2024-11-01 07:00:00 to 2024-11-03 07:00:00,40,0.024,1,0.7400269761606069,0.2532297754022679,100.0,209.33749413490295,932
516,2024-10-20 07:00:00 to 2024-11-03 07:00:00,2024-11-04 07:00:00 to 2024-11-06 07:00:00,40,0.024,1,1.83566509217806,2.03517094098209,100.0,211.55636501312256,933
517,2024-10-23 07:00:00 to 2024-11-06 07:00:00,2024-11-07 07:00:00 to 2024-11-09 07:00:00,190,0.04,0,0.0,0.0,0.0,213.99493098258972,935
518,2024-10-26 07:00:00 to 2024-11-09 07:00:00,2024-11-10 07:00:00 to 2024-11-12 07:00:00,40,0.024,1,3.069298116564314,1.1690106122448924,100.0,206.0108780860901,937
519,2024-10-29 07:00:00 to 2024-11-12 07:00:00,2024-11-13 07:00:00 to 2024-11-15 07:00:00,60,0.034,4,6.050683194247394,1.5938950501830051,75.0,210.04550290107727,938
520,2024-11-01 07:00:00 to 2024-11-15 07:00:00,2024-11-16 07:00:00 to 2024-11-18 07:00:00,225,0.028,0,0.0,0.0,0.0,209.12000727653503,939
521,2024-11-04 07:00:00 to 2024-11-18 07:00:00,2024-11-19 07:00:00 to 2024-11-21 07:00:00,110,0.026,3,4.940352190095855,4.281207492626029,100.0,210.4531011581421,941
522,2024-11-07 07:00:00 to 2024-11-21 07:00:00,2024-11-22 07:00:00 to 2024-11-24 07:00:00,110,0.026,1,1.396170403587439,0.4011099711219195,100.0,213.77225589752197,943
523,2024-11-10 07:00:00 to 2024-11-24 07:00:00,2024-11-25 07:00:00 to 2024-11-27 07:00:00,110,0.026,2,2.5579150404938624,4.613983249726585,100.0,215.76968812942505,944
524,2024-11-13 07:00:00 to 2024-11-27 07:00:00,2024-11-28 07:00:00 to 2024-11-30 07:00:00,90,0.02,1,1.044641891891879,0.3389493243243123,100.0,213.1741120815277,945
525,2024-11-16 07:00:00 to 2024-11-30 07:00:00,2024-12-01 07:00:00 to 2024-12-03 07:00:00,90,0.02,2,1.5561932702107697,4.18604153827915,100.0,210.21024584770203,947
526,2024-11-19 07:00:00 to 2024-12-03 07:00:00,2024-12-04 07:00:00 to 2024-12-06 07:00:00,115,0.02,1,4.347105363753653,1.3382183667039402,100.0,210.4654471874237,949
527,2024-11-22 07:00:00 to 2024-12-06 07:00:00,2024-12-07 07:00:00 to 2024-12-09 07:00:00,125,0.02,3,-0.4550955981646984,2.0345579988067564,66.66666666666666,209.3496060371399,950
528,2024-11-25 07:00:00 to 2024-12-09 07:00:00,2024-12-10 07:00:00 to 2024-12-12 07:00:00,125,0.02,1,-4.8844776406653185,12.560690630826974,0.0,208.50937008857727,951
529,2024-11-28 07:00:00 to 2024-12-12 07:00:00,2024-12-13 07:00:00 to 2024-12-15 07:00:00,15,0.024,0,0.0,0.0,0.0,212.17199397087097,953
530,2024-12-01 07:00:00 to 2024-12-15 07:00:00,2024-12-16 07:00:00 to 2024-12-18 07:00:00,15,0.024,1,1.0222868435912096,0.2445082464200397,100.0,210.20403003692627,955
531,2024-12-04 07:00:00 to 2024-12-18 07:00:00,2024-12-19 07:00:00 to 2024-12-21 07:00:00,20,0.036,3,-1.068608444278034,6.878986835518623,33.33333333333333,213.2037239074707,956
532,2024-12-07 07:00:00 to 2024-12-21 07:00:00,2024-12-22 07:00:00 to 2024-12-24 07:00:00,35,0.056,0,0.0,0.0,0.0,215.59901881217957,957
533,2024-12-10 07:00:00 to 2024-12-24 07:00:00,2024-12-25 07:00:00 to 2024-12-27 07:00:00,85,0.058,0,0.0,0.0,0.0,212.0968759059906,959
534,2024-12-13 07:00:00 to 2024-12-27 07:00:00,2024-12-28 07:00:00 to 2024-12-30 07:00:00,85,0.058,0,0.0,0.0,0.0,216.85852789878845,961
535,2024-12-16 07:00:00 to 2024-12-30 07:00:00,2024-12-31 07:00:00 to 2025-01-02 07:00:00,85,0.058,0,0.0,0.0,0.0,213.7908799648285,962
536,2024-12-19 07:00:00 to 2025-01-02 07:00:00,2025-01-03 07:00:00 to 2025-01-05 07:00:00,115,0.028,1,0.7153788683391394,0.975860111074498,0.0,204.5372450351715,963
537,2024-12-22 07:00:00 to 2025-01-05 07:00:00,2025-01-06 07:00:00 to 2025-01-08 07:00:00,200,0.024,2,-8.282220897253337,10.08663979195963,50.0,205.88014793395996,965
538,2024-12-25 07:00:00 to 2025-01-08 07:00:00,2025-01-09 07:00:00 to 2025-01-11 07:00:00,150,0.022,2,4.430406166651446,1.4807392521520288,100.0,207.16090989112857,967
539,2024-12-28 07:00:00 to 2025-01-11 07:00:00,2025-01-12 07:00:00 to 2025-01-14 07:00:00,230,0.02,1,-4.363826021103651,12.359900504883626,0.0,212.4475600719452,968
540,2024-12-31 07:00:00 to 2025-01-14 07:00:00,2025-01-15 07:00:00 to 2025-01-17 07:00:00,280,0.064,0,0.0,0.0,0.0,208.1698248386383,969
541,2025-01-03 07:00:00 to 2025-01-17 07:00:00,2025-01-18 07:00:00 to 2025-01-20 07:00:00,280,0.064,2,5.1459390486716075,2.510339331949458,50.0,210.1796178817749,971
542,2025-01-06 07:00:00 to 2025-01-20 07:00:00,2025-01-21 07:00:00 to 2025-01-23 07:00:00,220,0.046,1,1.9824148351648363,0.9868836984217544,100.0,212.28548216819763,973
543,2025-01-09 07:00:00 to 2025-01-23 07:00:00,2025-01-24 07:00:00 to 2025-01-26 07:00:00,100,0.04,2,3.435590664511055,0.7861214468376381,100.0,212.55766582489017,974
544,2025-01-12 07:00:00 to 2025-01-26 07:00:00,2025-01-27 07:00:00 to 2025-01-29 07:00:00,125,0.042,2,5.204815539018382,3.8224233343898177,100.0,213.06399488449097,975
545,2025-01-15 07:00:00 to 2025-01-29 07:00:00,2025-01-30 07:00:00 to 2025-02-01 07:00:00,255,0.038,0,0.0,0.0,0.0,215.5894720554352,977
546,2025-01-18 07:00:00 to 2025-02-01 07:00:00,2025-02-02 07:00:00 to 2025-02-04 07:00:00,115,0.044,2,5.228393130750537,1.5119089151855103,100.0,218.4074409008026,979
547,2025-01-21 07:00:00 to 2025-02-04 07:00:00,2025-02-05 07:00:00 to 2025-02-07 07:00:00,205,0.026,2,-2.2997266023396152,5.343626938759941,50.0,212.59953212738037,980
548,2025-01-24 07:00:00 to 2025-02-07 07:00:00,2025-02-08 07:00:00 to 2025-02-10 07:00:00,95,0.02,3,4.020271355881451,1.209839714628672,100.0,219.420526266098,981
549,2025-01-27 07:00:00 to 2025-02-10 07:00:00,2025-02-11 07:00:00 to 2025-02-13 07:00:00,95,0.02,1,0.9685928013876764,0.2043786771211431,100.0,217.34264397621155,983
550,2025-01-30 07:00:00 to 2025-02-13 07:00:00,2025-02-14 07:00:00 to 2025-02-16 07:00:00,95,0.02,2,0.5258838821643076,1.2000603907771654,50.0,219.4298391342163,985
551,2025-02-02 07:00:00 to 2025-02-16 07:00:00,2025-02-17 07:00:00 to 2025-02-19 07:00:00,70,0.02,1,0.6120707269155354,0.1457013752455896,100.0,212.4691126346588,986
552,2025-02-05 07:00:00 to 2025-02-19 07:00:00,2025-02-20 07:00:00 to 2025-02-22 07:00:00,185,0.02,1,0.7539836310229293,2.8256951568633504,0.0,208.6922118663788,987
553,2025-02-08 07:00:00 to 2025-02-22 07:00:00,2025-02-23 07:00:00 to 2025-02-25 07:00:00,130,0.02,1,-6.123502060703759,7.862407102196252,0.0,203.96187281608584,989
554,2025-02-11 07:00:00 to 2025-02-25 07:00:00,2025-02-26 07:00:00 to 2025-02-28 07:00:00,300,0.062,0,0.0,0.0,0.0,206.3619089126587,991
555,2025-02-14 07:00:00 to 2025-02-28 07:00:00,2025-03-01 07:00:00 to 2025-03-03 07:00:00,45,0.03,0,0.0,0.0,0.0,211.353178024292,992
556,2025-02-17 07:00:00 to 2025-03-03 07:00:00,2025-03-04 07:00:00 to 2025-03-06 07:00:00,300,0.062,1,1.867461024498898,2.785612481094189,100.0,208.5201518535614,993
557,2025-02-20 07:00:00 to 2025-03-06 07:00:00,2025-03-07 07:00:00 to 2025-03-09 07:00:00,170,0.054,1,-0.8622175255283764,3.0928613121706587,0.0,209.8136670589447,995
